2.0	0	0	0	0	0	0	0	0	0	0	0	0	0	0	0	0	0	0	0	0	0	0	0	0	0	0	0	0	0	0	0	0	0	0	0	0	0	0	0	0	0	0	0	0	0	0	0	0	0	0	0	0	0	0	0	0	0	0	0	0	0	0	0	0	0	0	0	0	0	0	0	0	0	0	0	0	0	0	0	0	0	0	0	0	0	0	0	0	0	0	0	0	0	0	0	0	0	0	0	0	0	
3.3	3.39	0	0	0	0	0	0	0	0	0	0	0	0	0	0	0	0	0	0	0	0	0	0	0	0	0	0	0	0	0	0	0	0	0	0	0	0	0	0	0	0	0	0	0	0	0	0	0	0	0	0	0	0	0	0	0	0	0	0	0	0	0	0	0	0	0	0	0	0	0	0	0	0	0	0	0	0	0	0	0	0	0	0	0	0	0	0	0	0	0	0	0	0	0	0	0	0	0	0	0	0	
5.31	5.76	5.55	0	0	0	0	0	0	0	0	0	0	0	0	0	0	0	0	0	0	0	0	0	0	0	0	0	0	0	0	0	0	0	0	0	0	0	0	0	0	0	0	0	0	0	0	0	0	0	0	0	0	0	0	0	0	0	0	0	0	0	0	0	0	0	0	0	0	0	0	0	0	0	0	0	0	0	0	0	0	0	0	0	0	0	0	0	0	0	0	0	0	0	0	0	0	0	0	0	0	0	
7.42	7.24	7.24	6.75	0	0	0	0	0	0	0	0	0	0	0	0	0	0	0	0	0	0	0	0	0	0	0	0	0	0	0	0	0	0	0	0	0	0	0	0	0	0	0	0	0	0	0	0	0	0	0	0	0	0	0	0	0	0	0	0	0	0	0	0	0	0	0	0	0	0	0	0	0	0	0	0	0	0	0	0	0	0	0	0	0	0	0	0	0	0	0	0	0	0	0	0	0	0	0	0	0	0	
6.95	6.99	7.15	7.32	6.98	0	0	0	0	0	0	0	0	0	0	0	0	0	0	0	0	0	0	0	0	0	0	0	0	0	0	0	0	0	0	0	0	0	0	0	0	0	0	0	0	0	0	0	0	0	0	0	0	0	0	0	0	0	0	0	0	0	0	0	0	0	0	0	0	0	0	0	0	0	0	0	0	0	0	0	0	0	0	0	0	0	0	0	0	0	0	0	0	0	0	0	0	0	0	0	0	0	
6.62	6.49	6.74	6.68	6.67	6.82	0	0	0	0	0	0	0	0	0	0	0	0	0	0	0	0	0	0	0	0	0	0	0	0	0	0	0	0	0	0	0	0	0	0	0	0	0	0	0	0	0	0	0	0	0	0	0	0	0	0	0	0	0	0	0	0	0	0	0	0	0	0	0	0	0	0	0	0	0	0	0	0	0	0	0	0	0	0	0	0	0	0	0	0	0	0	0	0	0	0	0	0	0	0	0	0	
6.27	6.22	6.28	6.15	6.37	6.11	6.39	0	0	0	0	0	0	0	0	0	0	0	0	0	0	0	0	0	0	0	0	0	0	0	0	0	0	0	0	0	0	0	0	0	0	0	0	0	0	0	0	0	0	0	0	0	0	0	0	0	0	0	0	0	0	0	0	0	0	0	0	0	0	0	0	0	0	0	0	0	0	0	0	0	0	0	0	0	0	0	0	0	0	0	0	0	0	0	0	0	0	0	0	0	0	0	
5.74	5.83	5.76	5.86	5.65	5.8	5.85	5.93	0	0	0	0	0	0	0	0	0	0	0	0	0	0	0	0	0	0	0	0	0	0	0	0	0	0	0	0	0	0	0	0	0	0	0	0	0	0	0	0	0	0	0	0	0	0	0	0	0	0	0	0	0	0	0	0	0	0	0	0	0	0	0	0	0	0	0	0	0	0	0	0	0	0	0	0	0	0	0	0	0	0	0	0	0	0	0	0	0	0	0	0	0	0	
5.51	5.38	5.54	5.55	5.44	5.39	5.39	5.53	5.45	0	0	0	0	0	0	0	0	0	0	0	0	0	0	0	0	0	0	0	0	0	0	0	0	0	0	0	0	0	0	0	0	0	0	0	0	0	0	0	0	0	0	0	0	0	0	0	0	0	0	0	0	0	0	0	0	0	0	0	0	0	0	0	0	0	0	0	0	0	0	0	0	0	0	0	0	0	0	0	0	0	0	0	0	0	0	0	0	0	0	0	0	0	
5.21	5.29	5.25	5.23	5.16	5.21	5.26	5.25	5.22	5.19	0	0	0	0	0	0	0	0	0	0	0	0	0	0	0	0	0	0	0	0	0	0	0	0	0	0	0	0	0	0	0	0	0	0	0	0	0	0	0	0	0	0	0	0	0	0	0	0	0	0	0	0	0	0	0	0	0	0	0	0	0	0	0	0	0	0	0	0	0	0	0	0	0	0	0	0	0	0	0	0	0	0	0	0	0	0	0	0	0	0	0	0	
5.04	5.04	4.99	5.07	5.06	5.06	5.14	5.07	5.03	5.08	5.1	0	0	0	0	0	0	0	0	0	0	0	0	0	0	0	0	0	0	0	0	0	0	0	0	0	0	0	0	0	0	0	0	0	0	0	0	0	0	0	0	0	0	0	0	0	0	0	0	0	0	0	0	0	0	0	0	0	0	0	0	0	0	0	0	0	0	0	0	0	0	0	0	0	0	0	0	0	0	0	0	0	0	0	0	0	0	0	0	0	0	0	
4.96	4.88	4.87	4.9	4.92	4.96	4.86	4.9	5.01	4.99	4.92	4.93	0	0	0	0	0	0	0	0	0	0	0	0	0	0	0	0	0	0	0	0	0	0	0	0	0	0	0	0	0	0	0	0	0	0	0	0	0	0	0	0	0	0	0	0	0	0	0	0	0	0	0	0	0	0	0	0	0	0	0	0	0	0	0	0	0	0	0	0	0	0	0	0	0	0	0	0	0	0	0	0	0	0	0	0	0	0	0	0	0	0	
4.87	4.82	4.83	4.85	4.9	4.77	4.84	4.79	4.72	4.79	4.84	4.84	4.87	0	0	0	0	0	0	0	0	0	0	0	0	0	0	0	0	0	0	0	0	0	0	0	0	0	0	0	0	0	0	0	0	0	0	0	0	0	0	0	0	0	0	0	0	0	0	0	0	0	0	0	0	0	0	0	0	0	0	0	0	0	0	0	0	0	0	0	0	0	0	0	0	0	0	0	0	0	0	0	0	0	0	0	0	0	0	0	0	0	
4.75	4.71	4.66	4.66	4.68	4.72	4.72	4.67	4.68	4.72	4.74	4.7	4.66	4.69	0	0	0	0	0	0	0	0	0	0	0	0	0	0	0	0	0	0	0	0	0	0	0	0	0	0	0	0	0	0	0	0	0	0	0	0	0	0	0	0	0	0	0	0	0	0	0	0	0	0	0	0	0	0	0	0	0	0	0	0	0	0	0	0	0	0	0	0	0	0	0	0	0	0	0	0	0	0	0	0	0	0	0	0	0	0	0	0	
4.46	4.49	4.52	4.55	4.52	4.5	4.52	4.54	4.47	4.6	4.47	4.43	4.49	4.61	4.5	0	0	0	0	0	0	0	0	0	0	0	0	0	0	0	0	0	0	0	0	0	0	0	0	0	0	0	0	0	0	0	0	0	0	0	0	0	0	0	0	0	0	0	0	0	0	0	0	0	0	0	0	0	0	0	0	0	0	0	0	0	0	0	0	0	0	0	0	0	0	0	0	0	0	0	0	0	0	0	0	0	0	0	0	0	0	0	
4.41	4.35	4.38	4.41	4.35	4.39	4.42	4.35	4.34	4.34	4.42	4.37	4.32	4.34	4.35	4.37	0	0	0	0	0	0	0	0	0	0	0	0	0	0	0	0	0	0	0	0	0	0	0	0	0	0	0	0	0	0	0	0	0	0	0	0	0	0	0	0	0	0	0	0	0	0	0	0	0	0	0	0	0	0	0	0	0	0	0	0	0	0	0	0	0	0	0	0	0	0	0	0	0	0	0	0	0	0	0	0	0	0	0	0	0	0	
4.22	4.23	4.28	4.27	4.25	4.22	4.29	4.28	4.22	4.25	4.29	4.21	4.27	4.26	4.27	4.33	4.18	0	0	0	0	0	0	0	0	0	0	0	0	0	0	0	0	0	0	0	0	0	0	0	0	0	0	0	0	0	0	0	0	0	0	0	0	0	0	0	0	0	0	0	0	0	0	0	0	0	0	0	0	0	0	0	0	0	0	0	0	0	0	0	0	0	0	0	0	0	0	0	0	0	0	0	0	0	0	0	0	0	0	0	0	0	
4.16	4.15	4.18	4.21	4.15	4.15	4.16	4.19	4.19	4.16	4.17	4.16	4.16	4.16	4.14	4.19	4.22	4.15	0	0	0	0	0	0	0	0	0	0	0	0	0	0	0	0	0	0	0	0	0	0	0	0	0	0	0	0	0	0	0	0	0	0	0	0	0	0	0	0	0	0	0	0	0	0	0	0	0	0	0	0	0	0	0	0	0	0	0	0	0	0	0	0	0	0	0	0	0	0	0	0	0	0	0	0	0	0	0	0	0	0	0	0	
4.07	4.04	4.05	4.11	4.1	4.08	4.06	4.09	4.12	4.11	4.1	4.13	4.18	4.12	4.12	4.04	4.13	4.08	4.11	0	0	0	0	0	0	0	0	0	0	0	0	0	0	0	0	0	0	0	0	0	0	0	0	0	0	0	0	0	0	0	0	0	0	0	0	0	0	0	0	0	0	0	0	0	0	0	0	0	0	0	0	0	0	0	0	0	0	0	0	0	0	0	0	0	0	0	0	0	0	0	0	0	0	0	0	0	0	0	0	0	0	0	
4.06	4.03	4.03	4.01	4.08	4.01	4.05	4.08	4.07	4.03	4.05	4.03	4.04	4.03	4.07	4.03	4.03	4.06	4.09	4.07	0	0	0	0	0	0	0	0	0	0	0	0	0	0	0	0	0	0	0	0	0	0	0	0	0	0	0	0	0	0	0	0	0	0	0	0	0	0	0	0	0	0	0	0	0	0	0	0	0	0	0	0	0	0	0	0	0	0	0	0	0	0	0	0	0	0	0	0	0	0	0	0	0	0	0	0	0	0	0	0	0	0	
4.04	4.05	4.03	4.04	4.02	4.03	4.01	4.01	4.05	4.04	4.01	4.03	4.02	4.03	4.05	4.08	4.04	4.01	4.04	4.0	4.03	0	0	0	0	0	0	0	0	0	0	0	0	0	0	0	0	0	0	0	0	0	0	0	0	0	0	0	0	0	0	0	0	0	0	0	0	0	0	0	0	0	0	0	0	0	0	0	0	0	0	0	0	0	0	0	0	0	0	0	0	0	0	0	0	0	0	0	0	0	0	0	0	0	0	0	0	0	0	0	0	0	
4.0	4.02	4.03	4.02	4.01	4.01	4.0	4.0	4.01	4.03	4.03	4.02	4.04	4.03	4.0	4.02	4.01	4.0	4.02	4.01	4.03	4.02	0	0	0	0	0	0	0	0	0	0	0	0	0	0	0	0	0	0	0	0	0	0	0	0	0	0	0	0	0	0	0	0	0	0	0	0	0	0	0	0	0	0	0	0	0	0	0	0	0	0	0	0	0	0	0	0	0	0	0	0	0	0	0	0	0	0	0	0	0	0	0	0	0	0	0	0	0	0	0	0	
4.01	4.02	4.0	4.01	4.01	4.01	4.01	4.0	4.01	4.0	4.0	4.02	4.01	4.0	4.0	4.0	4.02	4.02	4.0	3.99	4.02	4.01	4.02	0	0	0	0	0	0	0	0	0	0	0	0	0	0	0	0	0	0	0	0	0	0	0	0	0	0	0	0	0	0	0	0	0	0	0	0	0	0	0	0	0	0	0	0	0	0	0	0	0	0	0	0	0	0	0	0	0	0	0	0	0	0	0	0	0	0	0	0	0	0	0	0	0	0	0	0	0	0	0	
4.01	4.0	4.0	4.0	4.01	4.0	3.99	4.0	4.0	4.0	4.0	4.02	3.99	4.01	4.0	4.0	4.0	4.01	3.99	3.99	4.0	4.0	4.0	4.0	0	0	0	0	0	0	0	0	0	0	0	0	0	0	0	0	0	0	0	0	0	0	0	0	0	0	0	0	0	0	0	0	0	0	0	0	0	0	0	0	0	0	0	0	0	0	0	0	0	0	0	0	0	0	0	0	0	0	0	0	0	0	0	0	0	0	0	0	0	0	0	0	0	0	0	0	0	0	
4.0	4.0	4.0	4.0	4.0	4.0	4.0	4.0	4.01	4.0	4.0	4.0	4.0	4.0	4.0	4.01	4.0	4.02	4.0	4.0	4.0	4.01	4.0	4.0	4.0	0	0	0	0	0	0	0	0	0	0	0	0	0	0	0	0	0	0	0	0	0	0	0	0	0	0	0	0	0	0	0	0	0	0	0	0	0	0	0	0	0	0	0	0	0	0	0	0	0	0	0	0	0	0	0	0	0	0	0	0	0	0	0	0	0	0	0	0	0	0	0	0	0	0	0	0	0	
4.0	4.0	4.0	4.0	4.0	4.0	4.0	3.99	4.0	4.01	4.0	4.0	4.01	4.0	4.0	4.0	4.0	4.01	4.0	4.0	4.0	4.0	4.0	4.0	4.0	3.99	0	0	0	0	0	0	0	0	0	0	0	0	0	0	0	0	0	0	0	0	0	0	0	0	0	0	0	0	0	0	0	0	0	0	0	0	0	0	0	0	0	0	0	0	0	0	0	0	0	0	0	0	0	0	0	0	0	0	0	0	0	0	0	0	0	0	0	0	0	0	0	0	0	0	0	0	
3.99	4.0	4.0	4.0	4.0	4.0	4.0	4.0	4.0	4.0	4.0	4.0	4.0	4.0	4.0	4.0	4.0	4.0	3.98	4.0	4.0	3.99	4.0	4.0	4.0	4.0	4.0	0	0	0	0	0	0	0	0	0	0	0	0	0	0	0	0	0	0	0	0	0	0	0	0	0	0	0	0	0	0	0	0	0	0	0	0	0	0	0	0	0	0	0	0	0	0	0	0	0	0	0	0	0	0	0	0	0	0	0	0	0	0	0	0	0	0	0	0	0	0	0	0	0	0	0	
4.0	4.0	4.0	4.0	4.0	4.0	4.0	4.0	4.0	4.0	4.0	4.0	4.0	4.0	4.0	4.0	4.0	4.01	3.99	3.99	4.0	4.0	4.0	3.99	4.0	4.0	4.0	4.0	0	0	0	0	0	0	0	0	0	0	0	0	0	0	0	0	0	0	0	0	0	0	0	0	0	0	0	0	0	0	0	0	0	0	0	0	0	0	0	0	0	0	0	0	0	0	0	0	0	0	0	0	0	0	0	0	0	0	0	0	0	0	0	0	0	0	0	0	0	0	0	0	0	0	
4.0	4.0	4.0	4.0	4.0	4.0	4.0	3.98	4.0	4.0	4.0	4.0	4.0	4.0	4.0	4.0	4.0	4.0	4.0	3.99	4.0	4.0	4.0	4.0	3.99	4.0	4.0	4.0	4.0	0	0	0	0	0	0	0	0	0	0	0	0	0	0	0	0	0	0	0	0	0	0	0	0	0	0	0	0	0	0	0	0	0	0	0	0	0	0	0	0	0	0	0	0	0	0	0	0	0	0	0	0	0	0	0	0	0	0	0	0	0	0	0	0	0	0	0	0	0	0	0	0	0	
3.99	4.0	4.0	4.0	4.0	4.0	4.0	4.0	4.0	4.0	4.0	4.0	4.0	4.0	4.0	4.0	4.0	4.0	4.0	4.0	4.0	4.0	4.0	4.0	4.0	4.0	4.0	4.0	4.0	3.99	0	0	0	0	0	0	0	0	0	0	0	0	0	0	0	0	0	0	0	0	0	0	0	0	0	0	0	0	0	0	0	0	0	0	0	0	0	0	0	0	0	0	0	0	0	0	0	0	0	0	0	0	0	0	0	0	0	0	0	0	0	0	0	0	0	0	0	0	0	0	0	0	
4.0	4.0	4.0	4.0	4.0	4.0	4.0	3.99	3.99	4.0	3.99	4.0	4.0	4.0	4.0	4.0	4.0	3.99	4.0	4.0	4.0	4.0	4.0	3.99	4.0	3.99	4.0	4.0	4.0	4.0	4.0	0	0	0	0	0	0	0	0	0	0	0	0	0	0	0	0	0	0	0	0	0	0	0	0	0	0	0	0	0	0	0	0	0	0	0	0	0	0	0	0	0	0	0	0	0	0	0	0	0	0	0	0	0	0	0	0	0	0	0	0	0	0	0	0	0	0	0	0	0	0	0	
4.0	4.0	4.0	4.0	4.0	3.99	3.99	4.0	4.0	4.0	4.0	4.0	4.0	4.0	4.0	4.0	4.0	4.0	4.0	4.0	4.0	4.0	4.0	4.0	4.0	4.0	3.99	4.0	4.0	4.0	4.0	4.0	0	0	0	0	0	0	0	0	0	0	0	0	0	0	0	0	0	0	0	0	0	0	0	0	0	0	0	0	0	0	0	0	0	0	0	0	0	0	0	0	0	0	0	0	0	0	0	0	0	0	0	0	0	0	0	0	0	0	0	0	0	0	0	0	0	0	0	0	0	0	
4.0	3.99	3.99	4.0	4.0	4.0	4.0	4.0	4.0	4.0	4.0	4.0	4.0	4.0	4.0	4.0	3.99	3.99	4.0	4.0	4.0	4.0	3.99	4.0	4.0	4.0	3.99	4.0	4.0	4.0	4.0	4.0	4.0	0	0	0	0	0	0	0	0	0	0	0	0	0	0	0	0	0	0	0	0	0	0	0	0	0	0	0	0	0	0	0	0	0	0	0	0	0	0	0	0	0	0	0	0	0	0	0	0	0	0	0	0	0	0	0	0	0	0	0	0	0	0	0	0	0	0	0	0	0	
4.0	4.0	4.0	4.0	4.0	4.0	4.0	4.0	4.0	4.0	4.0	4.0	4.0	4.0	4.0	4.0	4.0	4.0	4.0	4.0	4.0	4.0	4.0	4.0	4.0	4.0	4.0	4.0	4.0	4.0	4.0	3.99	4.0	4.0	0	0	0	0	0	0	0	0	0	0	0	0	0	0	0	0	0	0	0	0	0	0	0	0	0	0	0	0	0	0	0	0	0	0	0	0	0	0	0	0	0	0	0	0	0	0	0	0	0	0	0	0	0	0	0	0	0	0	0	0	0	0	0	0	0	0	0	0	
4.0	4.0	4.0	4.0	4.0	4.0	4.0	4.0	4.0	3.99	4.0	4.0	4.0	4.0	4.0	4.0	4.0	4.0	4.0	4.0	3.99	4.0	4.0	4.0	3.99	4.0	3.98	4.0	4.0	4.0	4.0	4.0	4.0	3.99	4.0	0	0	0	0	0	0	0	0	0	0	0	0	0	0	0	0	0	0	0	0	0	0	0	0	0	0	0	0	0	0	0	0	0	0	0	0	0	0	0	0	0	0	0	0	0	0	0	0	0	0	0	0	0	0	0	0	0	0	0	0	0	0	0	0	0	0	0	
3.99	4.0	4.0	4.0	4.0	4.0	4.0	4.0	4.0	4.0	4.0	3.99	4.0	4.0	3.99	4.0	4.0	4.0	3.99	4.0	4.0	4.0	4.0	3.99	4.0	3.99	4.0	4.0	4.0	4.0	4.0	4.0	4.0	4.0	4.0	4.0	0	0	0	0	0	0	0	0	0	0	0	0	0	0	0	0	0	0	0	0	0	0	0	0	0	0	0	0	0	0	0	0	0	0	0	0	0	0	0	0	0	0	0	0	0	0	0	0	0	0	0	0	0	0	0	0	0	0	0	0	0	0	0	0	0	0	
4.0	4.0	4.0	4.0	4.0	4.0	4.0	4.0	4.0	3.99	4.0	4.0	4.0	4.0	4.0	4.0	4.0	4.0	4.0	4.0	4.0	4.0	4.0	4.0	4.0	4.0	4.0	4.0	4.0	3.99	3.99	4.0	3.99	4.0	4.0	4.0	4.0	0	0	0	0	0	0	0	0	0	0	0	0	0	0	0	0	0	0	0	0	0	0	0	0	0	0	0	0	0	0	0	0	0	0	0	0	0	0	0	0	0	0	0	0	0	0	0	0	0	0	0	0	0	0	0	0	0	0	0	0	0	0	0	0	0	
4.0	3.99	4.0	4.0	4.0	4.0	4.0	4.0	4.0	4.0	4.0	3.99	4.0	4.0	4.0	4.0	4.0	4.0	4.0	4.0	4.0	4.0	4.0	4.0	4.0	4.0	4.0	4.0	4.0	4.0	4.0	4.0	4.0	4.0	4.0	4.0	4.0	4.0	0	0	0	0	0	0	0	0	0	0	0	0	0	0	0	0	0	0	0	0	0	0	0	0	0	0	0	0	0	0	0	0	0	0	0	0	0	0	0	0	0	0	0	0	0	0	0	0	0	0	0	0	0	0	0	0	0	0	0	0	0	0	0	0	
4.0	4.0	4.0	4.0	4.0	4.0	4.0	4.0	4.0	4.0	4.0	4.0	4.0	4.0	4.0	4.0	4.0	4.0	4.0	4.0	4.0	4.0	4.0	4.0	4.0	4.0	4.0	4.0	4.0	4.0	4.0	4.0	4.0	4.0	4.0	3.99	4.0	4.0	4.0	0	0	0	0	0	0	0	0	0	0	0	0	0	0	0	0	0	0	0	0	0	0	0	0	0	0	0	0	0	0	0	0	0	0	0	0	0	0	0	0	0	0	0	0	0	0	0	0	0	0	0	0	0	0	0	0	0	0	0	0	0	0	0	
4.0	4.0	4.0	4.0	4.0	4.0	4.0	4.0	4.0	4.0	4.0	4.0	4.0	4.0	4.0	4.0	4.0	4.0	4.0	4.0	4.0	4.0	4.0	4.0	4.0	4.0	4.0	4.0	4.0	3.99	4.0	4.0	4.0	4.0	4.0	4.0	4.0	4.0	4.0	4.0	0	0	0	0	0	0	0	0	0	0	0	0	0	0	0	0	0	0	0	0	0	0	0	0	0	0	0	0	0	0	0	0	0	0	0	0	0	0	0	0	0	0	0	0	0	0	0	0	0	0	0	0	0	0	0	0	0	0	0	0	0	0	
4.0	4.0	4.0	4.0	4.0	4.0	4.0	4.0	4.0	4.0	4.0	4.0	4.0	4.0	4.0	4.0	4.0	4.0	4.0	4.0	4.0	4.0	4.0	4.0	4.0	4.0	4.0	4.0	4.0	4.0	4.0	4.0	4.0	3.99	4.0	4.0	4.0	4.0	4.0	4.0	4.0	0	0	0	0	0	0	0	0	0	0	0	0	0	0	0	0	0	0	0	0	0	0	0	0	0	0	0	0	0	0	0	0	0	0	0	0	0	0	0	0	0	0	0	0	0	0	0	0	0	0	0	0	0	0	0	0	0	0	0	0	0	
4.0	4.0	3.99	4.0	3.99	4.0	4.0	4.0	4.0	4.0	4.0	4.0	3.99	4.0	4.0	4.0	4.0	4.0	4.0	4.0	4.0	4.0	4.0	4.0	4.0	4.0	3.99	3.99	4.0	4.0	4.0	4.0	4.0	3.99	3.99	4.0	4.0	4.0	4.0	4.0	4.0	3.99	0	0	0	0	0	0	0	0	0	0	0	0	0	0	0	0	0	0	0	0	0	0	0	0	0	0	0	0	0	0	0	0	0	0	0	0	0	0	0	0	0	0	0	0	0	0	0	0	0	0	0	0	0	0	0	0	0	0	0	0	
4.0	4.0	4.0	4.0	4.0	4.0	4.0	4.0	4.0	4.0	4.0	4.0	4.0	4.0	4.0	4.0	3.99	4.0	4.0	4.0	4.0	3.99	4.0	4.0	4.0	3.99	3.99	4.0	4.0	4.0	4.0	4.0	4.0	3.99	4.0	4.0	4.0	4.0	4.0	4.0	4.0	4.0	4.0	0	0	0	0	0	0	0	0	0	0	0	0	0	0	0	0	0	0	0	0	0	0	0	0	0	0	0	0	0	0	0	0	0	0	0	0	0	0	0	0	0	0	0	0	0	0	0	0	0	0	0	0	0	0	0	0	0	0	0	
4.0	4.0	4.0	3.99	4.0	3.99	4.0	4.0	4.0	4.0	4.0	4.0	4.0	4.0	4.0	4.0	4.0	4.0	4.0	4.0	4.0	4.0	3.99	4.0	4.0	4.0	4.0	4.0	4.0	4.0	4.0	4.0	4.0	4.0	4.0	4.0	4.0	4.0	4.0	3.99	4.0	4.0	4.0	4.0	0	0	0	0	0	0	0	0	0	0	0	0	0	0	0	0	0	0	0	0	0	0	0	0	0	0	0	0	0	0	0	0	0	0	0	0	0	0	0	0	0	0	0	0	0	0	0	0	0	0	0	0	0	0	0	0	0	0	
4.0	4.0	3.99	4.0	4.0	4.0	4.0	4.0	4.0	4.0	4.0	4.0	4.0	4.0	4.0	4.0	4.0	4.0	4.0	4.0	4.0	4.0	4.0	4.0	4.0	4.0	4.0	4.0	4.0	4.0	4.0	4.0	3.99	4.0	4.0	4.0	4.0	4.0	4.0	4.0	4.0	4.0	4.0	3.99	4.0	0	0	0	0	0	0	0	0	0	0	0	0	0	0	0	0	0	0	0	0	0	0	0	0	0	0	0	0	0	0	0	0	0	0	0	0	0	0	0	0	0	0	0	0	0	0	0	0	0	0	0	0	0	0	0	0	0	
4.0	4.0	4.0	3.99	4.0	4.0	4.0	4.0	4.0	3.99	4.0	4.0	4.0	4.0	4.0	3.99	4.0	4.0	4.0	4.0	4.0	4.0	3.98	4.0	4.0	4.0	4.0	4.0	4.0	3.99	4.0	4.0	4.0	4.0	4.0	4.0	4.0	4.0	3.99	4.0	4.0	4.0	4.0	3.99	4.0	4.0	0	0	0	0	0	0	0	0	0	0	0	0	0	0	0	0	0	0	0	0	0	0	0	0	0	0	0	0	0	0	0	0	0	0	0	0	0	0	0	0	0	0	0	0	0	0	0	0	0	0	0	0	0	0	0	0	
4.0	4.0	4.0	4.0	3.99	4.0	4.0	4.0	4.0	4.0	4.0	4.0	4.0	4.0	4.0	4.0	4.0	4.0	3.99	4.0	4.0	4.0	4.0	4.0	4.0	3.98	4.0	3.99	4.0	4.0	4.0	4.0	4.0	4.0	4.0	4.0	3.99	4.0	3.99	4.0	4.0	4.0	3.99	4.0	4.0	4.0	4.0	0	0	0	0	0	0	0	0	0	0	0	0	0	0	0	0	0	0	0	0	0	0	0	0	0	0	0	0	0	0	0	0	0	0	0	0	0	0	0	0	0	0	0	0	0	0	0	0	0	0	0	0	0	0	0	
4.0	4.0	4.0	4.0	4.0	4.0	4.0	3.99	4.0	4.0	4.0	4.0	4.0	4.0	4.0	4.0	4.0	4.0	4.0	4.0	4.0	4.0	4.0	4.0	4.0	4.0	4.0	4.0	3.99	4.0	4.0	4.0	4.0	4.0	4.0	4.0	4.0	4.0	4.0	4.0	4.0	4.0	4.0	3.99	4.0	4.0	4.0	3.99	0	0	0	0	0	0	0	0	0	0	0	0	0	0	0	0	0	0	0	0	0	0	0	0	0	0	0	0	0	0	0	0	0	0	0	0	0	0	0	0	0	0	0	0	0	0	0	0	0	0	0	0	0	0	
4.0	4.0	4.0	4.0	4.0	4.0	4.0	4.0	4.0	4.0	4.0	4.0	4.0	4.0	4.0	4.0	4.0	4.0	4.0	4.0	4.0	4.0	4.0	4.0	4.0	4.0	4.0	4.0	4.0	4.0	4.0	4.0	4.0	4.0	4.0	4.0	4.0	3.99	4.0	4.0	3.99	4.0	4.0	4.0	3.99	4.0	4.0	4.0	4.0	0	0	0	0	0	0	0	0	0	0	0	0	0	0	0	0	0	0	0	0	0	0	0	0	0	0	0	0	0	0	0	0	0	0	0	0	0	0	0	0	0	0	0	0	0	0	0	0	0	0	0	0	0	
4.0	4.0	4.0	4.0	4.0	4.0	4.0	4.0	4.0	4.0	4.0	4.0	4.0	4.0	4.0	4.0	4.0	4.0	4.0	4.0	4.0	4.0	4.0	4.0	4.0	4.0	4.0	4.0	4.0	4.0	4.0	4.0	4.0	3.99	4.0	4.0	4.0	4.0	4.0	4.0	4.0	4.0	4.0	4.0	4.0	4.0	4.0	3.99	4.0	4.0	0	0	0	0	0	0	0	0	0	0	0	0	0	0	0	0	0	0	0	0	0	0	0	0	0	0	0	0	0	0	0	0	0	0	0	0	0	0	0	0	0	0	0	0	0	0	0	0	0	0	0	0	
4.0	4.0	4.0	4.0	4.0	4.0	4.0	4.0	4.0	4.0	4.0	4.0	4.0	4.0	4.0	4.0	4.0	4.0	3.99	4.0	4.0	4.0	4.0	4.0	4.0	4.0	3.99	4.0	4.0	4.0	4.0	4.0	4.0	4.0	4.0	4.0	4.0	3.99	4.0	4.0	4.0	4.0	4.0	4.0	4.0	4.0	3.99	4.0	4.0	4.0	4.0	0	0	0	0	0	0	0	0	0	0	0	0	0	0	0	0	0	0	0	0	0	0	0	0	0	0	0	0	0	0	0	0	0	0	0	0	0	0	0	0	0	0	0	0	0	0	0	0	0	0	0	
4.0	3.99	4.0	4.0	4.0	4.0	4.0	3.99	4.0	4.0	3.99	4.0	4.0	4.0	4.0	4.0	4.0	4.0	4.0	4.0	4.0	4.0	4.0	4.0	4.0	4.0	4.0	4.0	4.0	4.0	4.0	4.0	4.0	4.0	3.99	4.0	4.0	4.0	4.0	4.0	4.0	4.0	4.0	4.0	3.99	4.0	4.0	4.0	4.0	4.0	4.0	4.0	0	0	0	0	0	0	0	0	0	0	0	0	0	0	0	0	0	0	0	0	0	0	0	0	0	0	0	0	0	0	0	0	0	0	0	0	0	0	0	0	0	0	0	0	0	0	0	0	0	0	
4.0	4.0	4.0	4.0	4.0	4.0	4.0	4.0	4.0	4.0	3.99	4.0	3.99	4.0	4.0	4.0	4.0	4.0	4.0	3.99	4.0	4.0	4.0	4.0	4.0	4.0	4.0	4.0	4.0	4.0	4.0	4.0	4.0	3.99	4.0	4.0	4.0	3.99	4.0	4.0	4.0	4.0	4.0	4.0	4.0	4.0	4.0	4.0	4.0	4.0	4.0	4.0	4.0	0	0	0	0	0	0	0	0	0	0	0	0	0	0	0	0	0	0	0	0	0	0	0	0	0	0	0	0	0	0	0	0	0	0	0	0	0	0	0	0	0	0	0	0	0	0	0	0	0	
4.0	3.99	3.99	4.0	3.99	4.0	4.0	4.0	4.0	4.0	4.0	4.0	4.0	4.0	4.0	4.0	4.0	4.0	4.0	4.0	3.99	4.0	4.0	4.0	4.0	4.0	4.0	4.0	4.0	3.99	4.0	3.99	4.0	4.0	4.0	4.0	4.0	4.0	3.99	4.0	4.0	4.0	3.99	4.0	4.0	4.0	4.0	4.0	4.0	3.99	4.0	4.0	4.0	4.0	0	0	0	0	0	0	0	0	0	0	0	0	0	0	0	0	0	0	0	0	0	0	0	0	0	0	0	0	0	0	0	0	0	0	0	0	0	0	0	0	0	0	0	0	0	0	0	0	
4.0	4.0	3.99	4.0	4.0	4.0	4.0	4.0	4.0	4.0	4.0	4.0	4.0	4.0	4.0	4.0	4.0	4.0	4.0	4.0	4.0	4.0	4.0	4.0	4.0	4.0	3.99	4.0	4.0	4.0	4.0	4.0	4.0	4.0	3.99	4.0	4.0	4.0	4.0	4.0	4.0	4.0	4.0	4.0	4.0	4.0	4.0	4.0	4.0	4.0	4.0	4.0	4.0	4.0	4.0	0	0	0	0	0	0	0	0	0	0	0	0	0	0	0	0	0	0	0	0	0	0	0	0	0	0	0	0	0	0	0	0	0	0	0	0	0	0	0	0	0	0	0	0	0	0	0	
4.0	4.0	4.0	4.0	3.99	4.0	4.0	4.0	4.0	4.0	4.0	4.0	4.0	4.0	4.0	3.99	4.0	4.0	4.0	4.0	4.0	4.0	3.99	4.0	4.0	4.0	3.99	4.0	4.0	4.0	4.0	4.0	4.0	4.0	4.0	4.0	3.99	4.0	4.0	4.0	4.0	4.0	3.98	4.0	3.99	4.0	4.0	4.0	4.0	3.99	4.0	4.0	3.99	4.0	3.99	4.0	0	0	0	0	0	0	0	0	0	0	0	0	0	0	0	0	0	0	0	0	0	0	0	0	0	0	0	0	0	0	0	0	0	0	0	0	0	0	0	0	0	0	0	0	0	0	
4.0	4.0	4.0	4.0	4.0	4.0	4.0	4.0	4.0	3.99	3.99	4.0	4.0	4.0	4.0	4.0	4.0	4.0	4.0	3.99	4.0	4.0	4.0	4.0	4.0	4.0	3.99	4.0	4.0	4.0	4.0	4.0	3.99	3.99	4.0	4.0	4.0	4.0	4.0	4.0	4.0	4.0	4.0	4.0	4.0	4.0	4.0	4.0	4.0	3.99	4.0	4.0	3.99	4.0	4.0	4.0	4.0	0	0	0	0	0	0	0	0	0	0	0	0	0	0	0	0	0	0	0	0	0	0	0	0	0	0	0	0	0	0	0	0	0	0	0	0	0	0	0	0	0	0	0	0	0	
4.0	4.0	4.0	4.0	3.99	3.99	4.0	4.0	3.99	4.0	4.0	4.0	4.0	4.0	4.0	4.0	4.0	4.0	4.0	4.0	4.0	3.99	4.0	4.0	4.0	4.0	4.0	4.0	4.0	4.0	4.0	4.0	4.0	4.0	3.99	4.0	4.0	3.99	4.0	4.0	4.0	3.99	4.0	4.0	4.0	4.0	4.0	4.0	4.0	3.99	4.0	4.0	4.0	4.0	4.0	4.0	4.0	4.0	0	0	0	0	0	0	0	0	0	0	0	0	0	0	0	0	0	0	0	0	0	0	0	0	0	0	0	0	0	0	0	0	0	0	0	0	0	0	0	0	0	0	0	0	
4.0	4.0	3.99	4.0	3.99	3.99	4.0	3.99	4.0	4.0	4.0	4.0	4.0	3.99	4.0	4.0	4.0	4.0	4.0	4.0	4.0	3.99	4.0	4.0	4.0	4.0	4.0	4.0	4.0	3.99	4.0	4.0	4.0	4.0	4.0	4.0	4.0	4.0	3.99	4.0	4.0	4.0	4.0	4.0	4.0	3.99	4.0	4.0	4.0	4.0	3.99	4.0	4.0	4.0	4.0	4.0	4.0	4.0	4.0	0	0	0	0	0	0	0	0	0	0	0	0	0	0	0	0	0	0	0	0	0	0	0	0	0	0	0	0	0	0	0	0	0	0	0	0	0	0	0	0	0	0	0	
4.0	4.0	4.0	4.0	4.0	4.0	4.0	4.0	4.0	4.0	4.0	4.0	4.0	4.0	4.0	4.0	4.0	4.0	4.0	4.0	4.0	4.0	4.0	3.98	4.0	4.0	4.0	4.0	4.0	4.0	4.0	4.0	4.0	4.0	4.0	4.0	4.0	3.99	4.0	4.0	4.0	3.99	4.0	4.0	3.99	4.0	4.0	3.99	4.0	3.99	4.0	4.0	4.0	4.0	4.0	3.99	4.0	3.99	4.0	4.0	0	0	0	0	0	0	0	0	0	0	0	0	0	0	0	0	0	0	0	0	0	0	0	0	0	0	0	0	0	0	0	0	0	0	0	0	0	0	0	0	0	0	
4.0	3.98	4.0	4.0	4.0	4.0	4.0	3.99	4.0	4.0	4.0	4.0	4.0	4.0	4.0	4.0	3.99	4.0	4.0	4.0	4.0	4.0	4.0	4.0	4.0	4.0	4.0	4.0	4.0	4.0	4.0	4.0	4.0	3.98	4.0	4.0	4.0	4.0	4.0	3.99	4.0	4.0	4.0	4.0	3.99	4.0	4.0	4.0	3.99	4.0	4.0	4.0	3.99	3.99	4.0	4.0	4.0	4.0	4.0	4.0	4.0	0	0	0	0	0	0	0	0	0	0	0	0	0	0	0	0	0	0	0	0	0	0	0	0	0	0	0	0	0	0	0	0	0	0	0	0	0	0	0	0	0	
4.0	4.0	4.0	3.99	3.99	4.0	4.0	4.0	4.0	4.0	4.0	3.99	4.0	4.0	4.0	4.0	4.0	4.0	4.0	4.0	4.0	4.0	3.99	4.0	4.0	4.0	4.0	4.0	4.0	4.0	4.0	4.0	3.99	4.0	4.0	4.0	4.0	4.0	4.0	4.0	4.0	4.0	4.0	4.0	3.99	4.0	4.0	4.0	3.99	4.0	4.0	3.99	4.0	4.0	4.0	3.99	3.99	4.0	4.0	3.98	4.0	4.0	0	0	0	0	0	0	0	0	0	0	0	0	0	0	0	0	0	0	0	0	0	0	0	0	0	0	0	0	0	0	0	0	0	0	0	0	0	0	0	0	
3.99	4.0	4.0	4.0	4.0	4.0	4.0	4.0	3.99	4.0	4.0	4.0	4.0	4.0	4.0	4.0	3.99	4.0	4.0	4.0	3.98	3.99	4.0	4.0	3.99	4.0	4.0	3.99	4.0	4.0	3.99	4.0	3.99	4.0	4.0	4.0	4.0	4.0	4.0	4.0	4.0	4.0	4.0	4.0	4.0	4.0	4.0	4.0	3.99	4.0	4.0	4.0	4.0	4.0	4.0	4.0	3.99	4.0	4.0	4.0	3.99	4.0	4.0	0	0	0	0	0	0	0	0	0	0	0	0	0	0	0	0	0	0	0	0	0	0	0	0	0	0	0	0	0	0	0	0	0	0	0	0	0	0	0	
4.0	3.99	4.0	4.0	4.0	4.0	3.98	4.0	3.99	3.98	3.99	3.99	4.0	4.0	4.0	4.0	4.0	4.0	3.99	4.0	4.0	3.99	4.0	4.0	4.0	4.0	4.0	3.99	4.0	4.0	4.0	4.0	4.0	4.0	3.99	4.0	3.99	4.0	4.0	3.99	3.99	3.97	3.98	4.0	3.98	3.99	4.0	4.0	4.0	3.98	4.0	4.0	4.0	4.0	4.0	3.99	3.99	3.99	4.0	4.0	3.99	3.99	4.0	3.99	0	0	0	0	0	0	0	0	0	0	0	0	0	0	0	0	0	0	0	0	0	0	0	0	0	0	0	0	0	0	0	0	0	0	0	0	0	0	
4.0	4.0	3.99	4.0	3.99	4.0	3.99	4.0	4.0	4.0	3.99	4.0	3.99	4.0	4.0	4.0	3.99	4.0	3.99	3.99	3.99	4.0	3.99	3.98	4.0	4.0	4.0	4.0	4.0	3.99	3.99	4.0	3.99	3.99	4.0	4.0	4.0	3.99	4.0	3.99	4.0	4.0	4.0	4.0	4.0	4.0	3.99	3.99	4.0	4.0	4.0	3.99	3.99	4.0	4.0	4.0	4.0	4.0	4.0	4.0	3.99	4.0	3.98	4.0	4.0	0	0	0	0	0	0	0	0	0	0	0	0	0	0	0	0	0	0	0	0	0	0	0	0	0	0	0	0	0	0	0	0	0	0	0	0	0	
4.0	3.97	4.0	4.0	4.0	3.99	4.0	3.98	3.99	4.0	3.99	4.0	4.0	4.0	4.0	4.0	3.98	3.99	3.99	4.0	3.99	3.99	4.0	3.99	4.0	3.99	4.0	4.0	3.98	4.0	3.99	3.98	4.0	3.99	4.0	4.0	3.99	4.0	3.99	3.99	4.0	4.0	3.99	4.0	4.0	4.0	4.0	4.0	3.98	4.0	4.0	3.98	3.99	3.97	4.0	4.0	3.99	4.0	3.99	3.99	3.98	3.98	4.0	3.99	3.99	4.0	0	0	0	0	0	0	0	0	0	0	0	0	0	0	0	0	0	0	0	0	0	0	0	0	0	0	0	0	0	0	0	0	0	0	0	0	
3.99	3.99	3.98	3.98	3.99	4.0	4.0	4.0	4.0	3.98	3.99	3.99	4.0	4.0	4.0	3.98	4.0	3.99	3.99	3.98	3.99	3.99	4.0	4.0	3.99	4.0	3.98	4.0	4.0	4.0	4.0	3.99	4.0	4.0	4.0	3.98	4.0	3.99	4.0	3.98	3.99	3.99	4.0	4.0	3.98	3.99	4.0	3.97	4.0	3.99	3.99	3.99	3.98	4.0	3.98	4.0	4.0	3.99	4.0	4.0	3.99	3.99	4.0	4.0	4.0	3.99	3.99	0	0	0	0	0	0	0	0	0	0	0	0	0	0	0	0	0	0	0	0	0	0	0	0	0	0	0	0	0	0	0	0	0	0	0	
3.99	3.98	3.99	4.0	4.0	4.0	4.0	3.98	4.0	3.99	3.99	3.99	3.99	4.0	3.99	3.99	4.0	4.0	3.99	3.99	3.99	3.99	3.99	3.99	3.97	4.0	3.99	4.0	4.0	3.99	4.0	3.99	3.99	4.0	4.0	4.0	3.98	3.98	4.0	3.99	3.99	3.97	4.0	3.99	3.99	3.98	4.0	3.99	3.99	4.0	3.99	3.98	4.0	4.0	3.99	3.99	4.0	4.0	4.0	3.99	4.0	4.0	3.99	3.98	3.98	4.0	4.0	3.99	0	0	0	0	0	0	0	0	0	0	0	0	0	0	0	0	0	0	0	0	0	0	0	0	0	0	0	0	0	0	0	0	0	0	
4.0	3.99	4.0	3.99	4.0	3.96	3.99	3.99	4.0	3.98	3.98	4.0	3.99	3.98	3.99	4.0	4.0	3.98	3.99	3.98	3.99	3.98	3.99	3.99	3.98	3.98	3.99	3.99	4.0	3.96	4.0	4.0	4.0	3.98	4.0	4.0	3.99	3.99	3.99	4.0	3.99	3.99	3.99	4.0	3.99	4.0	4.0	4.0	4.0	3.99	3.99	4.0	3.99	3.99	4.0	3.99	3.99	4.0	3.95	4.0	3.99	3.98	4.0	3.98	3.98	4.0	4.0	3.99	3.98	0	0	0	0	0	0	0	0	0	0	0	0	0	0	0	0	0	0	0	0	0	0	0	0	0	0	0	0	0	0	0	0	0	
3.98	4.0	3.99	3.99	3.98	4.0	4.0	4.0	3.96	3.99	4.0	3.96	3.99	3.98	3.98	4.0	3.98	3.99	3.98	3.99	3.98	4.0	3.99	3.98	3.98	3.99	3.98	3.98	4.0	4.0	4.0	3.96	3.99	3.96	3.97	3.99	4.0	3.99	4.0	3.98	3.99	3.98	3.98	3.99	3.99	3.98	4.0	4.0	3.98	4.0	4.0	3.98	3.99	4.0	4.0	3.96	4.0	4.0	3.98	3.99	4.0	3.95	3.98	3.98	3.99	3.99	4.0	3.99	3.97	3.98	0	0	0	0	0	0	0	0	0	0	0	0	0	0	0	0	0	0	0	0	0	0	0	0	0	0	0	0	0	0	0	0	
4.0	4.0	3.97	3.98	3.99	3.99	4.0	3.98	3.97	3.99	3.99	3.95	3.98	3.98	3.99	4.0	3.98	3.98	4.0	4.0	3.98	3.99	3.98	3.98	3.99	3.98	4.0	3.99	4.0	4.0	3.98	3.97	3.98	4.0	3.98	3.98	3.98	3.98	4.0	3.97	3.98	3.99	4.0	4.0	3.98	3.99	3.98	3.98	4.0	3.98	3.99	3.97	4.0	3.96	3.97	3.99	3.99	3.98	3.99	3.98	3.99	3.98	4.0	3.99	3.99	3.99	3.98	3.98	3.98	4.0	3.99	0	0	0	0	0	0	0	0	0	0	0	0	0	0	0	0	0	0	0	0	0	0	0	0	0	0	0	0	0	0	0	
4.0	3.96	4.0	3.97	4.0	3.99	4.0	3.99	3.99	4.0	3.99	3.99	4.0	3.97	3.98	3.96	3.99	3.97	3.99	3.98	3.97	4.0	4.0	4.0	3.97	3.97	4.0	3.98	3.98	3.97	3.99	3.99	4.0	3.97	3.99	3.98	3.99	3.99	3.98	3.98	3.97	3.98	3.99	4.0	3.99	3.97	3.99	3.98	3.98	3.99	3.98	3.92	3.98	3.99	3.99	3.98	3.98	3.97	4.0	3.98	4.0	4.0	3.96	3.98	3.95	3.97	3.98	3.99	3.97	3.95	3.96	3.98	0	0	0	0	0	0	0	0	0	0	0	0	0	0	0	0	0	0	0	0	0	0	0	0	0	0	0	0	0	0	
3.98	3.99	3.95	3.96	4.0	3.99	3.97	3.99	4.0	4.0	3.96	4.0	3.97	3.96	3.97	3.98	3.99	3.99	3.96	3.95	3.96	3.98	3.95	3.94	3.98	3.96	3.99	4.0	4.0	4.0	3.98	3.99	3.98	3.98	4.0	3.96	3.98	4.0	3.98	3.99	4.0	3.96	3.95	3.99	3.99	3.97	3.96	3.98	3.97	4.0	3.98	3.99	3.98	3.98	3.96	3.98	3.97	4.0	3.98	3.95	3.96	4.0	3.96	3.96	4.0	3.98	3.99	3.97	3.97	3.98	3.98	3.97	3.97	0	0	0	0	0	0	0	0	0	0	0	0	0	0	0	0	0	0	0	0	0	0	0	0	0	0	0	0	0	
3.97	3.99	3.99	4.0	3.99	3.97	3.99	3.97	3.98	3.98	3.97	4.0	3.98	3.94	3.98	3.94	3.97	3.97	3.97	3.99	3.97	3.95	3.99	3.97	3.98	3.97	3.98	4.0	3.98	3.95	3.99	3.99	3.96	3.97	3.98	3.97	3.99	3.96	3.99	3.99	3.99	3.99	3.98	3.97	3.98	3.98	3.99	3.99	4.0	3.98	3.96	3.97	4.0	3.99	3.97	3.98	3.97	3.98	3.98	3.99	3.97	3.99	3.99	3.97	3.99	3.99	3.96	4.0	4.0	3.98	3.97	3.98	3.98	3.98	0	0	0	0	0	0	0	0	0	0	0	0	0	0	0	0	0	0	0	0	0	0	0	0	0	0	0	0	
3.96	3.98	3.98	3.95	3.99	3.97	3.94	3.97	3.99	3.95	3.95	3.95	3.99	3.99	3.94	3.96	3.97	3.97	3.99	3.93	3.97	3.96	3.99	4.0	3.97	3.96	3.97	3.95	4.0	3.97	4.0	3.99	3.98	3.99	3.98	3.97	3.98	3.97	3.97	3.98	3.95	3.96	3.98	3.96	3.95	3.99	3.97	3.99	3.95	3.98	3.95	3.96	3.95	3.97	3.99	3.96	3.97	3.95	3.99	3.95	3.97	3.96	3.98	3.99	3.97	3.98	3.96	3.92	3.96	3.98	3.99	3.99	3.99	3.95	3.96	0	0	0	0	0	0	0	0	0	0	0	0	0	0	0	0	0	0	0	0	0	0	0	0	0	0	0	
3.98	3.96	3.95	3.94	3.97	3.97	3.95	3.95	3.94	3.94	3.97	3.95	3.96	3.99	3.98	3.97	3.98	3.95	3.95	3.97	3.96	3.95	3.99	3.93	3.96	3.98	3.96	3.99	3.98	3.95	3.99	3.97	3.97	3.95	3.98	3.97	3.95	3.98	3.95	3.96	3.97	3.98	3.99	3.97	3.95	3.94	3.97	3.98	3.97	3.99	3.96	3.96	3.96	3.98	3.95	3.96	3.97	3.94	3.98	3.97	3.98	3.96	3.96	3.96	3.96	3.97	3.96	3.97	3.96	3.96	3.98	3.94	3.99	3.96	3.97	3.96	0	0	0	0	0	0	0	0	0	0	0	0	0	0	0	0	0	0	0	0	0	0	0	0	0	0	
3.96	3.98	3.98	3.97	4.0	3.99	3.98	3.98	3.96	3.96	3.95	3.97	3.99	3.96	3.93	3.97	3.97	3.95	4.0	3.95	3.97	3.94	3.96	3.98	3.97	3.98	3.97	3.97	3.99	3.98	3.97	3.94	3.99	3.97	3.96	3.98	3.96	3.96	3.93	3.97	3.98	3.96	3.95	3.99	3.98	3.96	3.95	3.94	3.96	3.99	3.97	3.92	3.96	4.0	3.99	3.98	3.94	3.98	3.96	3.98	3.97	3.94	3.96	3.96	3.97	3.93	3.97	3.97	3.98	3.97	3.94	3.96	3.98	3.94	3.93	3.99	3.97	0	0	0	0	0	0	0	0	0	0	0	0	0	0	0	0	0	0	0	0	0	0	0	0	0	
3.99	3.94	3.99	3.96	3.94	3.98	3.93	3.99	3.98	3.91	3.95	3.99	3.97	3.96	3.95	3.95	3.97	3.92	3.95	3.94	3.96	3.92	3.92	3.98	3.97	3.97	3.9	3.97	3.97	3.98	3.97	3.99	3.92	3.94	3.94	3.96	3.96	3.96	3.96	3.97	3.93	3.94	3.96	3.95	3.93	3.97	3.94	3.93	3.96	3.96	3.97	3.97	3.97	3.97	3.97	3.96	3.96	3.97	3.97	3.97	3.95	3.94	3.95	3.97	3.96	3.96	3.98	3.98	3.96	3.93	3.96	3.99	3.97	3.95	3.96	3.98	3.93	3.94	0	0	0	0	0	0	0	0	0	0	0	0	0	0	0	0	0	0	0	0	0	0	0	0	
3.97	3.97	3.92	3.95	3.95	3.95	3.93	3.92	3.92	3.94	3.93	3.96	3.95	3.96	3.96	3.97	3.94	3.95	3.93	3.92	3.96	3.96	3.96	3.93	3.96	3.96	3.95	3.97	3.97	3.94	3.94	3.96	3.96	3.95	3.96	3.95	3.97	3.91	3.96	3.98	3.95	3.96	3.96	3.97	3.92	3.94	3.94	3.91	3.97	3.92	3.92	3.96	3.97	3.95	3.97	3.95	3.94	3.95	3.91	3.97	3.98	3.96	3.92	3.96	3.92	3.98	3.97	3.94	3.96	3.95	3.97	3.91	3.95	3.98	4.0	3.94	3.97	3.96	3.95	0	0	0	0	0	0	0	0	0	0	0	0	0	0	0	0	0	0	0	0	0	0	0	
3.95	3.92	3.93	3.96	3.93	3.91	3.92	3.93	3.97	3.95	3.94	3.95	3.94	3.95	3.95	3.96	3.91	3.94	3.95	3.93	3.89	3.9	3.97	3.97	3.95	3.95	3.93	3.97	3.96	3.96	3.93	3.96	3.98	3.98	3.92	3.97	3.96	3.97	3.94	3.95	3.95	3.88	3.94	3.93	3.93	3.93	3.93	3.93	3.94	3.94	3.92	3.92	3.93	3.97	3.91	3.92	3.95	3.96	3.94	3.94	3.91	3.93	3.91	3.96	3.95	3.92	3.94	3.95	3.93	3.94	3.93	3.95	3.93	3.93	3.94	3.93	3.95	3.96	3.94	3.92	0	0	0	0	0	0	0	0	0	0	0	0	0	0	0	0	0	0	0	0	0	0	
3.96	3.93	3.92	3.98	3.95	3.88	3.94	3.93	3.93	3.95	3.95	3.91	3.89	3.97	3.9	3.95	3.94	3.92	3.96	3.95	3.93	3.93	3.94	3.95	3.94	3.97	3.95	3.88	3.9	3.92	3.91	3.97	3.92	3.96	3.94	3.92	3.91	3.94	3.93	3.93	3.92	3.97	3.98	3.95	3.94	3.89	3.94	3.91	3.93	3.89	3.97	3.89	3.94	3.91	3.94	3.95	3.92	3.92	3.87	3.96	3.96	3.93	3.95	3.97	3.89	3.92	3.93	3.95	3.96	3.96	3.95	3.94	3.92	3.95	3.94	3.95	3.95	3.92	3.94	3.96	3.96	0	0	0	0	0	0	0	0	0	0	0	0	0	0	0	0	0	0	0	0	0	
3.92	3.88	3.93	3.95	3.91	3.89	3.89	3.92	3.95	3.86	3.93	3.93	3.86	3.94	3.94	3.93	3.91	3.95	3.92	3.94	3.96	3.92	3.92	3.9	3.95	3.93	3.91	3.95	3.95	3.95	3.91	3.89	3.93	3.93	3.89	3.95	3.96	3.9	3.94	3.92	3.94	3.95	3.92	3.92	3.97	3.93	3.88	3.91	3.96	3.94	3.96	3.91	3.91	3.93	3.93	3.87	3.91	3.93	3.96	3.96	3.88	3.9	3.92	3.95	3.93	3.92	3.94	3.95	3.95	3.98	3.91	3.93	3.95	3.89	3.92	3.87	3.92	3.84	3.93	3.9	3.94	3.94	0	0	0	0	0	0	0	0	0	0	0	0	0	0	0	0	0	0	0	0	
3.94	3.92	3.89	3.92	3.94	3.96	3.91	3.95	3.92	3.9	3.91	3.88	3.91	3.96	3.91	3.91	3.92	3.92	3.87	3.92	3.86	3.91	3.94	3.92	3.91	3.94	3.91	3.94	3.94	3.88	3.94	3.9	3.92	3.87	3.89	3.97	3.94	3.91	3.89	3.91	3.94	3.93	3.9	3.94	3.89	3.92	3.91	3.96	3.89	3.89	3.9	3.93	3.87	3.95	3.91	3.93	3.91	3.92	3.93	3.89	3.93	3.89	3.95	3.92	3.92	3.91	3.93	3.92	3.93	3.95	3.96	3.9	3.95	3.91	3.92	3.87	3.9	3.93	3.89	3.91	3.92	3.95	3.93	0	0	0	0	0	0	0	0	0	0	0	0	0	0	0	0	0	0	0	
3.87	3.89	3.89	3.87	3.91	3.91	3.94	3.94	3.91	3.89	3.9	3.9	3.89	3.92	3.91	3.91	3.94	3.89	3.91	3.86	3.9	3.91	3.93	3.87	3.88	3.84	3.86	3.92	3.92	3.88	3.85	3.92	3.96	3.9	3.92	3.94	3.9	3.89	3.92	3.91	3.92	3.92	3.93	3.96	3.92	3.85	3.93	3.92	3.9	3.86	3.9	3.94	3.89	3.88	3.94	3.9	3.92	3.88	3.89	3.94	3.93	3.87	3.85	3.92	3.87	3.91	3.94	3.96	3.89	3.91	3.9	3.95	3.89	3.91	3.9	3.94	3.89	3.89	3.93	3.93	3.86	3.89	3.93	3.91	0	0	0	0	0	0	0	0	0	0	0	0	0	0	0	0	0	0	
3.9	3.91	3.89	3.87	3.9	3.81	3.88	3.9	3.92	3.91	3.88	3.9	3.91	3.9	3.89	3.91	3.89	3.92	3.94	3.91	3.89	3.91	3.93	3.94	3.9	3.89	3.89	3.91	3.91	3.91	3.84	3.91	3.89	3.9	3.9	3.91	3.89	3.87	3.93	3.88	3.9	3.87	3.9	3.89	3.92	3.88	3.88	3.87	3.87	3.91	3.86	3.94	3.89	3.9	3.9	3.88	3.86	3.87	3.88	3.9	3.88	3.92	3.92	3.92	3.88	3.9	3.94	3.88	3.89	3.9	3.85	3.91	3.95	3.95	3.9	3.92	3.9	3.89	3.9	3.91	3.89	3.87	3.91	3.86	3.89	0	0	0	0	0	0	0	0	0	0	0	0	0	0	0	0	0	
3.88	3.85	3.9	3.89	3.91	3.88	3.84	3.89	3.9	3.92	3.95	3.9	3.92	3.83	3.83	3.85	3.85	3.89	3.91	3.89	3.89	3.85	3.87	3.91	3.88	3.9	3.87	3.94	3.94	3.91	3.91	3.82	3.9	3.9	3.93	3.9	3.94	3.89	3.92	3.9	3.9	3.85	3.89	3.91	3.88	3.86	3.92	3.93	3.89	3.9	3.92	3.85	3.88	3.92	3.92	3.95	3.88	3.93	3.88	3.89	3.89	3.87	3.93	3.89	3.86	3.9	3.93	3.85	3.95	3.87	3.87	3.92	3.89	3.93	3.87	3.91	3.89	3.91	3.91	3.91	3.86	3.9	3.92	3.93	3.89	3.89	0	0	0	0	0	0	0	0	0	0	0	0	0	0	0	0	
3.87	3.86	3.88	3.9	3.91	3.81	3.86	3.84	3.92	3.88	3.91	3.9	3.92	3.91	3.87	3.8	3.88	3.84	3.93	3.89	3.88	3.84	3.92	3.88	3.94	3.89	3.9	3.89	3.89	3.89	3.89	3.83	3.84	3.86	3.9	3.89	3.89	3.88	3.85	3.87	3.92	3.89	3.88	3.94	3.92	3.87	3.88	3.87	3.9	3.91	3.88	3.92	3.88	3.83	3.9	3.87	3.88	3.84	3.93	3.88	3.85	3.9	3.89	3.88	3.86	3.89	3.96	3.84	3.85	3.88	3.89	3.87	3.89	3.9	3.93	3.87	3.95	3.91	3.91	3.83	3.89	3.84	3.86	3.83	3.84	3.84	3.87	0	0	0	0	0	0	0	0	0	0	0	0	0	0	0	
3.84	3.88	3.86	3.87	3.89	3.89	3.88	3.85	3.87	3.91	3.88	3.88	3.89	3.87	3.82	3.85	3.9	3.9	3.88	3.83	3.85	3.83	3.93	3.89	3.86	3.88	3.89	3.86	3.86	3.92	3.87	3.85	3.85	3.87	3.88	3.87	3.83	3.9	3.82	3.9	3.88	3.87	3.87	3.87	3.9	3.85	3.8	3.86	3.91	3.88	3.84	3.84	3.86	3.94	3.9	3.87	3.89	3.87	3.83	3.88	3.8	3.83	3.85	3.83	3.82	3.91	3.83	3.88	3.83	3.9	3.85	3.9	3.85	3.86	3.88	3.81	3.87	3.9	3.92	3.86	3.84	3.87	3.9	3.85	3.86	3.94	3.9	3.85	0	0	0	0	0	0	0	0	0	0	0	0	0	0	
3.89	3.79	3.85	3.85	3.9	3.89	3.88	3.86	3.83	3.89	3.78	3.89	3.9	3.84	3.87	3.87	3.9	3.83	3.84	3.88	3.79	3.87	3.83	3.84	3.87	3.75	3.83	3.78	3.86	3.85	3.83	3.84	3.94	3.85	3.8	3.81	3.84	3.84	3.91	3.88	3.83	3.85	3.8	3.82	3.87	3.84	3.82	3.84	3.88	3.84	3.91	3.82	3.82	3.89	3.83	3.84	3.88	3.94	3.88	3.87	3.85	3.83	3.87	3.83	3.82	3.89	3.87	3.81	3.84	3.91	3.86	3.8	3.82	3.81	3.9	3.84	3.85	3.9	3.9	3.79	3.88	3.89	3.85	3.91	3.85	3.75	3.84	3.87	3.84	0	0	0	0	0	0	0	0	0	0	0	0	0	
3.88	3.83	3.85	3.8	3.86	3.79	3.83	3.88	3.84	3.75	3.91	3.82	3.83	3.86	3.85	3.78	3.75	3.81	3.84	3.85	3.79	3.82	3.82	3.76	3.88	3.79	3.83	3.83	3.8	3.82	3.85	3.76	3.85	3.82	3.88	3.78	3.84	3.83	3.88	3.83	3.81	3.8	3.82	3.81	3.71	3.86	3.82	3.79	3.84	3.87	3.84	3.85	3.85	3.91	3.84	3.79	3.88	3.79	3.85	3.81	3.82	3.81	3.78	3.8	3.84	3.76	3.84	3.86	3.9	3.82	3.82	3.86	3.85	3.9	3.9	3.81	3.8	3.89	3.88	3.84	3.81	3.86	3.82	3.84	3.81	3.83	3.76	3.9	3.88	3.86	0	0	0	0	0	0	0	0	0	0	0	0	
3.82	3.89	3.84	3.78	3.83	3.78	3.83	3.82	3.78	3.8	3.83	3.87	3.88	3.77	3.79	3.81	3.87	3.83	3.82	3.89	3.81	3.89	3.85	3.82	3.87	3.87	3.76	3.85	3.77	3.88	3.78	3.82	3.83	3.82	3.82	3.85	3.81	3.85	3.77	3.75	3.84	3.77	3.8	3.86	3.82	3.83	3.84	3.86	3.87	3.85	3.82	3.79	3.81	3.87	3.84	3.83	3.81	3.81	3.78	3.82	3.82	3.79	3.87	3.86	3.83	3.8	3.76	3.85	3.89	3.87	3.81	3.77	3.83	3.8	3.84	3.77	3.84	3.84	3.78	3.78	3.8	3.8	3.79	3.82	3.81	3.8	3.84	3.86	3.86	3.85	3.82	0	0	0	0	0	0	0	0	0	0	0	
3.8	3.73	3.85	3.79	3.75	3.84	3.81	3.87	3.79	3.76	3.83	3.78	3.78	3.82	3.83	3.76	3.82	3.83	3.82	3.8	3.85	3.82	3.81	3.82	3.8	3.88	3.81	3.84	3.81	3.8	3.85	3.81	3.83	3.84	3.82	3.8	3.81	3.85	3.74	3.77	3.82	3.83	3.67	3.82	3.81	3.83	3.91	3.82	3.78	3.76	3.76	3.89	3.77	3.82	3.81	3.84	3.76	3.76	3.79	3.82	3.84	3.84	3.82	3.77	3.9	3.82	3.75	3.88	3.79	3.8	3.82	3.8	3.8	3.79	3.85	3.84	3.78	3.81	3.79	3.81	3.85	3.82	3.8	3.81	3.87	3.83	3.8	3.84	3.88	3.82	3.82	3.77	0	0	0	0	0	0	0	0	0	0	
3.71	3.79	3.85	3.79	3.85	3.88	3.88	3.76	3.8	3.83	3.78	3.76	3.75	3.81	3.8	3.79	3.82	3.81	3.78	3.76	3.76	3.82	3.85	3.89	3.82	3.79	3.74	3.79	3.78	3.83	3.83	3.81	3.84	3.77	3.81	3.8	3.76	3.69	3.87	3.73	3.8	3.77	3.8	3.87	3.79	3.8	3.82	3.8	3.77	3.8	3.83	3.77	3.79	3.76	3.74	3.81	3.86	3.78	3.8	3.77	3.77	3.76	3.84	3.75	3.82	3.83	3.74	3.84	3.76	3.79	3.78	3.78	3.78	3.78	3.79	3.8	3.7	3.78	3.79	3.76	3.83	3.79	3.83	3.79	3.76	3.83	3.85	3.81	3.8	3.86	3.79	3.82	3.78	0	0	0	0	0	0	0	0	0	
3.74	3.77	3.81	3.7	3.69	3.75	3.75	3.83	3.75	3.78	3.78	3.81	3.76	3.73	3.81	3.73	3.77	3.76	3.68	3.84	3.81	3.7	3.73	3.76	3.76	3.78	3.82	3.8	3.81	3.8	3.82	3.77	3.79	3.79	3.8	3.7	3.78	3.81	3.77	3.77	3.75	3.8	3.79	3.83	3.77	3.69	3.75	3.8	3.76	3.78	3.75	3.74	3.76	3.82	3.84	3.79	3.74	3.82	3.75	3.8	3.69	3.78	3.79	3.83	3.7	3.78	3.78	3.76	3.82	3.76	3.75	3.75	3.78	3.75	3.79	3.76	3.79	3.83	3.71	3.77	3.77	3.79	3.8	3.77	3.72	3.73	3.77	3.77	3.83	3.82	3.84	3.85	3.83	3.78	0	0	0	0	0	0	0	0	
3.76	3.78	3.76	3.78	3.75	3.81	3.8	3.77	3.78	3.8	3.74	3.72	3.79	3.7	3.78	3.87	3.73	3.7	3.78	3.77	3.74	3.74	3.71	3.8	3.79	3.7	3.76	3.8	3.79	3.75	3.74	3.82	3.76	3.87	3.77	3.72	3.78	3.74	3.79	3.74	3.74	3.74	3.66	3.63	3.82	3.76	3.74	3.75	3.72	3.73	3.75	3.69	3.8	3.74	3.81	3.8	3.79	3.77	3.76	3.67	3.77	3.81	3.75	3.8	3.76	3.75	3.79	3.78	3.76	3.78	3.71	3.84	3.8	3.79	3.76	3.77	3.72	3.81	3.77	3.73	3.8	3.71	3.71	3.74	3.77	3.72	3.83	3.8	3.72	3.81	3.75	3.79	3.7	3.78	3.83	0	0	0	0	0	0	0	
3.78	3.78	3.81	3.76	3.8	3.73	3.68	3.68	3.76	3.77	3.76	3.78	3.75	3.73	3.79	3.79	3.75	3.79	3.71	3.71	3.68	3.73	3.8	3.76	3.76	3.76	3.74	3.76	3.69	3.8	3.79	3.77	3.69	3.82	3.78	3.82	3.8	3.73	3.74	3.71	3.76	3.78	3.78	3.76	3.72	3.82	3.73	3.79	3.83	3.76	3.77	3.66	3.7	3.68	3.68	3.76	3.75	3.79	3.69	3.77	3.71	3.78	3.67	3.72	3.78	3.78	3.71	3.74	3.71	3.78	3.75	3.72	3.78	3.76	3.73	3.8	3.76	3.77	3.76	3.79	3.78	3.76	3.75	3.82	3.73	3.75	3.76	3.69	3.77	3.8	3.77	3.76	3.71	3.75	3.72	3.72	0	0	0	0	0	0	
3.73	3.64	3.66	3.73	3.76	3.81	3.76	3.72	3.75	3.63	3.68	3.75	3.76	3.75	3.66	3.74	3.7	3.78	3.74	3.71	3.64	3.81	3.73	3.74	3.73	3.72	3.69	3.8	3.73	3.72	3.78	3.81	3.77	3.81	3.76	3.67	3.65	3.75	3.71	3.8	3.72	3.79	3.68	3.74	3.77	3.72	3.72	3.78	3.78	3.74	3.8	3.66	3.68	3.7	3.68	3.67	3.68	3.78	3.73	3.75	3.76	3.74	3.71	3.73	3.68	3.76	3.71	3.69	3.75	3.73	3.75	3.76	3.7	3.75	3.75	3.75	3.72	3.73	3.66	3.73	3.75	3.75	3.75	3.83	3.62	3.74	3.72	3.71	3.71	3.66	3.76	3.82	3.66	3.72	3.67	3.77	3.72	0	0	0	0	0	
3.66	3.68	3.77	3.65	3.69	3.76	3.71	3.78	3.72	3.8	3.69	3.74	3.63	3.66	3.73	3.73	3.68	3.7	3.81	3.69	3.78	3.75	3.7	3.69	3.77	3.71	3.75	3.8	3.75	3.74	3.76	3.71	3.74	3.68	3.7	3.69	3.7	3.67	3.69	3.68	3.66	3.66	3.74	3.71	3.68	3.7	3.81	3.73	3.75	3.68	3.77	3.7	3.7	3.77	3.67	3.72	3.75	3.81	3.64	3.67	3.72	3.73	3.72	3.71	3.65	3.68	3.66	3.7	3.68	3.69	3.71	3.68	3.68	3.68	3.69	3.76	3.68	3.76	3.7	3.67	3.77	3.69	3.69	3.68	3.67	3.68	3.72	3.64	3.64	3.64	3.73	3.73	3.69	3.77	3.69	3.78	3.65	3.73	0	0	0	0	
3.68	3.65	3.73	3.58	3.67	3.66	3.71	3.82	3.74	3.66	3.77	3.62	3.71	3.72	3.67	3.7	3.58	3.68	3.77	3.71	3.76	3.77	3.72	3.71	3.74	3.66	3.64	3.7	3.69	3.76	3.69	3.75	3.68	3.69	3.6	3.71	3.72	3.76	3.72	3.7	3.83	3.76	3.78	3.77	3.71	3.71	3.65	3.66	3.74	3.67	3.71	3.71	3.71	3.73	3.68	3.68	3.65	3.64	3.76	3.74	3.72	3.64	3.68	3.78	3.74	3.7	3.74	3.69	3.68	3.65	3.78	3.7	3.71	3.76	3.73	3.67	3.72	3.69	3.76	3.71	3.72	3.8	3.68	3.73	3.7	3.68	3.65	3.75	3.68	3.72	3.65	3.7	3.74	3.7	3.67	3.64	3.7	3.69	3.7	0	0	0	
3.78	3.66	3.68	3.71	3.65	3.7	3.67	3.69	3.7	3.67	3.63	3.65	3.7	3.73	3.72	3.59	3.64	3.65	3.65	3.69	3.67	3.67	3.71	3.57	3.7	3.65	3.75	3.68	3.65	3.6	3.64	3.67	3.61	3.72	3.67	3.65	3.74	3.63	3.77	3.77	3.7	3.71	3.65	3.66	3.7	3.72	3.66	3.68	3.59	3.64	3.6	3.8	3.66	3.7	3.69	3.63	3.67	3.63	3.63	3.71	3.7	3.72	3.76	3.7	3.74	3.71	3.7	3.7	3.72	3.69	3.75	3.63	3.63	3.69	3.72	3.66	3.74	3.6	3.63	3.69	3.71	3.65	3.75	3.66	3.67	3.68	3.76	3.74	3.7	3.57	3.72	3.73	3.69	3.76	3.66	3.66	3.63	3.7	3.7	3.67	0	0	
3.64	3.67	3.65	3.65	3.61	3.66	3.6	3.7	3.69	3.71	3.67	3.63	3.67	3.66	3.65	3.54	3.69	3.57	3.72	3.63	3.66	3.6	3.65	3.73	3.62	3.62	3.68	3.64	3.71	3.66	3.67	3.72	3.75	3.65	3.59	3.7	3.69	3.76	3.61	3.64	3.72	3.64	3.74	3.68	3.72	3.71	3.6	3.63	3.67	3.64	3.68	3.67	3.66	3.68	3.57	3.69	3.62	3.65	3.71	3.64	3.61	3.63	3.75	3.74	3.68	3.64	3.55	3.61	3.56	3.63	3.64	3.7	3.61	3.63	3.72	3.65	3.66	3.59	3.66	3.68	3.6	3.7	3.59	3.6	3.58	3.66	3.62	3.63	3.68	3.7	3.6	3.63	3.74	3.66	3.73	3.64	3.75	3.63	3.73	3.62	3.54	0	
