0	0	2.0
1	0	3.3
1	1	3.39
2	0	5.31
2	1	5.76
2	2	5.55
3	0	7.42
3	1	7.24
3	2	7.24
3	3	6.75
4	0	6.95
4	1	6.99
4	2	7.15
4	3	7.32
4	4	6.98
5	0	6.62
5	1	6.49
5	2	6.74
5	3	6.68
5	4	6.67
5	5	6.82
6	0	6.27
6	1	6.22
6	2	6.28
6	3	6.15
6	4	6.37
6	5	6.11
6	6	6.39
7	0	5.74
7	1	5.83
7	2	5.76
7	3	5.86
7	4	5.65
7	5	5.8
7	6	5.85
7	7	5.93
8	0	5.51
8	1	5.38
8	2	5.54
8	3	5.55
8	4	5.44
8	5	5.39
8	6	5.39
8	7	5.53
8	8	5.45
9	0	5.21
9	1	5.29
9	2	5.25
9	3	5.23
9	4	5.16
9	5	5.21
9	6	5.26
9	7	5.25
9	8	5.22
9	9	5.19
10	0	5.04
10	1	5.04
10	2	4.99
10	3	5.07
10	4	5.06
10	5	5.06
10	6	5.14
10	7	5.07
10	8	5.03
10	9	5.08
10	10	5.1
11	0	4.96
11	1	4.88
11	2	4.87
11	3	4.9
11	4	4.92
11	5	4.96
11	6	4.86
11	7	4.9
11	8	5.01
11	9	4.99
11	10	4.92
11	11	4.93
12	0	4.87
12	1	4.82
12	2	4.83
12	3	4.85
12	4	4.9
12	5	4.77
12	6	4.84
12	7	4.79
12	8	4.72
12	9	4.79
12	10	4.84
12	11	4.84
12	12	4.87
13	0	4.75
13	1	4.71
13	2	4.66
13	3	4.66
13	4	4.68
13	5	4.72
13	6	4.72
13	7	4.67
13	8	4.68
13	9	4.72
13	10	4.74
13	11	4.7
13	12	4.66
13	13	4.69
14	0	4.46
14	1	4.49
14	2	4.52
14	3	4.55
14	4	4.52
14	5	4.5
14	6	4.52
14	7	4.54
14	8	4.47
14	9	4.6
14	10	4.47
14	11	4.43
14	12	4.49
14	13	4.61
14	14	4.5
15	0	4.41
15	1	4.35
15	2	4.38
15	3	4.41
15	4	4.35
15	5	4.39
15	6	4.42
15	7	4.35
15	8	4.34
15	9	4.34
15	10	4.42
15	11	4.37
15	12	4.32
15	13	4.34
15	14	4.35
15	15	4.37
16	0	4.22
16	1	4.23
16	2	4.28
16	3	4.27
16	4	4.25
16	5	4.22
16	6	4.29
16	7	4.28
16	8	4.22
16	9	4.25
16	10	4.29
16	11	4.21
16	12	4.27
16	13	4.26
16	14	4.27
16	15	4.33
16	16	4.18
17	0	4.16
17	1	4.15
17	2	4.18
17	3	4.21
17	4	4.15
17	5	4.15
17	6	4.16
17	7	4.19
17	8	4.19
17	9	4.16
17	10	4.17
17	11	4.16
17	12	4.16
17	13	4.16
17	14	4.14
17	15	4.19
17	16	4.22
17	17	4.15
18	0	4.07
18	1	4.04
18	2	4.05
18	3	4.11
18	4	4.1
18	5	4.08
18	6	4.06
18	7	4.09
18	8	4.12
18	9	4.11
18	10	4.1
18	11	4.13
18	12	4.18
18	13	4.12
18	14	4.12
18	15	4.04
18	16	4.13
18	17	4.08
18	18	4.11
19	0	4.06
19	1	4.03
19	2	4.03
19	3	4.01
19	4	4.08
19	5	4.01
19	6	4.05
19	7	4.08
19	8	4.07
19	9	4.03
19	10	4.05
19	11	4.03
19	12	4.04
19	13	4.03
19	14	4.07
19	15	4.03
19	16	4.03
19	17	4.06
19	18	4.09
19	19	4.07
20	0	4.04
20	1	4.05
20	2	4.03
20	3	4.04
20	4	4.02
20	5	4.03
20	6	4.01
20	7	4.01
20	8	4.05
20	9	4.04
20	10	4.01
20	11	4.03
20	12	4.02
20	13	4.03
20	14	4.05
20	15	4.08
20	16	4.04
20	17	4.01
20	18	4.04
20	19	4.0
20	20	4.03
21	0	4.0
21	1	4.02
21	2	4.03
21	3	4.02
21	4	4.01
21	5	4.01
21	6	4.0
21	7	4.0
21	8	4.01
21	9	4.03
21	10	4.03
21	11	4.02
21	12	4.04
21	13	4.03
21	14	4.0
21	15	4.02
21	16	4.01
21	17	4.0
21	18	4.02
21	19	4.01
21	20	4.03
21	21	4.02
22	0	4.01
22	1	4.02
22	2	4.0
22	3	4.01
22	4	4.01
22	5	4.01
22	6	4.01
22	7	4.0
22	8	4.01
22	9	4.0
22	10	4.0
22	11	4.02
22	12	4.01
22	13	4.0
22	14	4.0
22	15	4.0
22	16	4.02
22	17	4.02
22	18	4.0
22	19	3.99
22	20	4.02
22	21	4.01
22	22	4.02
23	0	4.01
23	1	4.0
23	2	4.0
23	3	4.0
23	4	4.01
23	5	4.0
23	6	3.99
23	7	4.0
23	8	4.0
23	9	4.0
23	10	4.0
23	11	4.02
23	12	3.99
23	13	4.01
23	14	4.0
23	15	4.0
23	16	4.0
23	17	4.01
23	18	3.99
23	19	3.99
23	20	4.0
23	21	4.0
23	22	4.0
23	23	4.0
24	0	4.0
24	1	4.0
24	2	4.0
24	3	4.0
24	4	4.0
24	5	4.0
24	6	4.0
24	7	4.0
24	8	4.01
24	9	4.0
24	10	4.0
24	11	4.0
24	12	4.0
24	13	4.0
24	14	4.0
24	15	4.01
24	16	4.0
24	17	4.02
24	18	4.0
24	19	4.0
24	20	4.0
24	21	4.01
24	22	4.0
24	23	4.0
24	24	4.0
25	0	4.0
25	1	4.0
25	2	4.0
25	3	4.0
25	4	4.0
25	5	4.0
25	6	4.0
25	7	3.99
25	8	4.0
25	9	4.01
25	10	4.0
25	11	4.0
25	12	4.01
25	13	4.0
25	14	4.0
25	15	4.0
25	16	4.0
25	17	4.01
25	18	4.0
25	19	4.0
25	20	4.0
25	21	4.0
25	22	4.0
25	23	4.0
25	24	4.0
25	25	3.99
26	0	3.99
26	1	4.0
26	2	4.0
26	3	4.0
26	4	4.0
26	5	4.0
26	6	4.0
26	7	4.0
26	8	4.0
26	9	4.0
26	10	4.0
26	11	4.0
26	12	4.0
26	13	4.0
26	14	4.0
26	15	4.0
26	16	4.0
26	17	4.0
26	18	3.98
26	19	4.0
26	20	4.0
26	21	3.99
26	22	4.0
26	23	4.0
26	24	4.0
26	25	4.0
26	26	4.0
27	0	4.0
27	1	4.0
27	2	4.0
27	3	4.0
27	4	4.0
27	5	4.0
27	6	4.0
27	7	4.0
27	8	4.0
27	9	4.0
27	10	4.0
27	11	4.0
27	12	4.0
27	13	4.0
27	14	4.0
27	15	4.0
27	16	4.0
27	17	4.01
27	18	3.99
27	19	3.99
27	20	4.0
27	21	4.0
27	22	4.0
27	23	3.99
27	24	4.0
27	25	4.0
27	26	4.0
27	27	4.0
28	0	4.0
28	1	4.0
28	2	4.0
28	3	4.0
28	4	4.0
28	5	4.0
28	6	4.0
28	7	3.98
28	8	4.0
28	9	4.0
28	10	4.0
28	11	4.0
28	12	4.0
28	13	4.0
28	14	4.0
28	15	4.0
28	16	4.0
28	17	4.0
28	18	4.0
28	19	3.99
28	20	4.0
28	21	4.0
28	22	4.0
28	23	4.0
28	24	3.99
28	25	4.0
28	26	4.0
28	27	4.0
28	28	4.0
29	0	3.99
29	1	4.0
29	2	4.0
29	3	4.0
29	4	4.0
29	5	4.0
29	6	4.0
29	7	4.0
29	8	4.0
29	9	4.0
29	10	4.0
29	11	4.0
29	12	4.0
29	13	4.0
29	14	4.0
29	15	4.0
29	16	4.0
29	17	4.0
29	18	4.0
29	19	4.0
29	20	4.0
29	21	4.0
29	22	4.0
29	23	4.0
29	24	4.0
29	25	4.0
29	26	4.0
29	27	4.0
29	28	4.0
29	29	3.99
30	0	4.0
30	1	4.0
30	2	4.0
30	3	4.0
30	4	4.0
30	5	4.0
30	6	4.0
30	7	3.99
30	8	3.99
30	9	4.0
30	10	3.99
30	11	4.0
30	12	4.0
30	13	4.0
30	14	4.0
30	15	4.0
30	16	4.0
30	17	3.99
30	18	4.0
30	19	4.0
30	20	4.0
30	21	4.0
30	22	4.0
30	23	3.99
30	24	4.0
30	25	3.99
30	26	4.0
30	27	4.0
30	28	4.0
30	29	4.0
30	30	4.0
31	0	4.0
31	1	4.0
31	2	4.0
31	3	4.0
31	4	4.0
31	5	3.99
31	6	3.99
31	7	4.0
31	8	4.0
31	9	4.0
31	10	4.0
31	11	4.0
31	12	4.0
31	13	4.0
31	14	4.0
31	15	4.0
31	16	4.0
31	17	4.0
31	18	4.0
31	19	4.0
31	20	4.0
31	21	4.0
31	22	4.0
31	23	4.0
31	24	4.0
31	25	4.0
31	26	3.99
31	27	4.0
31	28	4.0
31	29	4.0
31	30	4.0
31	31	4.0
32	0	4.0
32	1	3.99
32	2	3.99
32	3	4.0
32	4	4.0
32	5	4.0
32	6	4.0
32	7	4.0
32	8	4.0
32	9	4.0
32	10	4.0
32	11	4.0
32	12	4.0
32	13	4.0
32	14	4.0
32	15	4.0
32	16	3.99
32	17	3.99
32	18	4.0
32	19	4.0
32	20	4.0
32	21	4.0
32	22	3.99
32	23	4.0
32	24	4.0
32	25	4.0
32	26	3.99
32	27	4.0
32	28	4.0
32	29	4.0
32	30	4.0
32	31	4.0
32	32	4.0
33	0	4.0
33	1	4.0
33	2	4.0
33	3	4.0
33	4	4.0
33	5	4.0
33	6	4.0
33	7	4.0
33	8	4.0
33	9	4.0
33	10	4.0
33	11	4.0
33	12	4.0
33	13	4.0
33	14	4.0
33	15	4.0
33	16	4.0
33	17	4.0
33	18	4.0
33	19	4.0
33	20	4.0
33	21	4.0
33	22	4.0
33	23	4.0
33	24	4.0
33	25	4.0
33	26	4.0
33	27	4.0
33	28	4.0
33	29	4.0
33	30	4.0
33	31	3.99
33	32	4.0
33	33	4.0
34	0	4.0
34	1	4.0
34	2	4.0
34	3	4.0
34	4	4.0
34	5	4.0
34	6	4.0
34	7	4.0
34	8	4.0
34	9	3.99
34	10	4.0
34	11	4.0
34	12	4.0
34	13	4.0
34	14	4.0
34	15	4.0
34	16	4.0
34	17	4.0
34	18	4.0
34	19	4.0
34	20	3.99
34	21	4.0
34	22	4.0
34	23	4.0
34	24	3.99
34	25	4.0
34	26	3.98
34	27	4.0
34	28	4.0
34	29	4.0
34	30	4.0
34	31	4.0
34	32	4.0
34	33	3.99
34	34	4.0
35	0	3.99
35	1	4.0
35	2	4.0
35	3	4.0
35	4	4.0
35	5	4.0
35	6	4.0
35	7	4.0
35	8	4.0
35	9	4.0
35	10	4.0
35	11	3.99
35	12	4.0
35	13	4.0
35	14	3.99
35	15	4.0
35	16	4.0
35	17	4.0
35	18	3.99
35	19	4.0
35	20	4.0
35	21	4.0
35	22	4.0
35	23	3.99
35	24	4.0
35	25	3.99
35	26	4.0
35	27	4.0
35	28	4.0
35	29	4.0
35	30	4.0
35	31	4.0
35	32	4.0
35	33	4.0
35	34	4.0
35	35	4.0
36	0	4.0
36	1	4.0
36	2	4.0
36	3	4.0
36	4	4.0
36	5	4.0
36	6	4.0
36	7	4.0
36	8	4.0
36	9	3.99
36	10	4.0
36	11	4.0
36	12	4.0
36	13	4.0
36	14	4.0
36	15	4.0
36	16	4.0
36	17	4.0
36	18	4.0
36	19	4.0
36	20	4.0
36	21	4.0
36	22	4.0
36	23	4.0
36	24	4.0
36	25	4.0
36	26	4.0
36	27	4.0
36	28	4.0
36	29	3.99
36	30	3.99
36	31	4.0
36	32	3.99
36	33	4.0
36	34	4.0
36	35	4.0
36	36	4.0
37	0	4.0
37	1	3.99
37	2	4.0
37	3	4.0
37	4	4.0
37	5	4.0
37	6	4.0
37	7	4.0
37	8	4.0
37	9	4.0
37	10	4.0
37	11	3.99
37	12	4.0
37	13	4.0
37	14	4.0
37	15	4.0
37	16	4.0
37	17	4.0
37	18	4.0
37	19	4.0
37	20	4.0
37	21	4.0
37	22	4.0
37	23	4.0
37	24	4.0
37	25	4.0
37	26	4.0
37	27	4.0
37	28	4.0
37	29	4.0
37	30	4.0
37	31	4.0
37	32	4.0
37	33	4.0
37	34	4.0
37	35	4.0
37	36	4.0
37	37	4.0
38	0	4.0
38	1	4.0
38	2	4.0
38	3	4.0
38	4	4.0
38	5	4.0
38	6	4.0
38	7	4.0
38	8	4.0
38	9	4.0
38	10	4.0
38	11	4.0
38	12	4.0
38	13	4.0
38	14	4.0
38	15	4.0
38	16	4.0
38	17	4.0
38	18	4.0
38	19	4.0
38	20	4.0
38	21	4.0
38	22	4.0
38	23	4.0
38	24	4.0
38	25	4.0
38	26	4.0
38	27	4.0
38	28	4.0
38	29	4.0
38	30	4.0
38	31	4.0
38	32	4.0
38	33	4.0
38	34	4.0
38	35	3.99
38	36	4.0
38	37	4.0
38	38	4.0
39	0	4.0
39	1	4.0
39	2	4.0
39	3	4.0
39	4	4.0
39	5	4.0
39	6	4.0
39	7	4.0
39	8	4.0
39	9	4.0
39	10	4.0
39	11	4.0
39	12	4.0
39	13	4.0
39	14	4.0
39	15	4.0
39	16	4.0
39	17	4.0
39	18	4.0
39	19	4.0
39	20	4.0
39	21	4.0
39	22	4.0
39	23	4.0
39	24	4.0
39	25	4.0
39	26	4.0
39	27	4.0
39	28	4.0
39	29	3.99
39	30	4.0
39	31	4.0
39	32	4.0
39	33	4.0
39	34	4.0
39	35	4.0
39	36	4.0
39	37	4.0
39	38	4.0
39	39	4.0
40	0	4.0
40	1	4.0
40	2	4.0
40	3	4.0
40	4	4.0
40	5	4.0
40	6	4.0
40	7	4.0
40	8	4.0
40	9	4.0
40	10	4.0
40	11	4.0
40	12	4.0
40	13	4.0
40	14	4.0
40	15	4.0
40	16	4.0
40	17	4.0
40	18	4.0
40	19	4.0
40	20	4.0
40	21	4.0
40	22	4.0
40	23	4.0
40	24	4.0
40	25	4.0
40	26	4.0
40	27	4.0
40	28	4.0
40	29	4.0
40	30	4.0
40	31	4.0
40	32	4.0
40	33	3.99
40	34	4.0
40	35	4.0
40	36	4.0
40	37	4.0
40	38	4.0
40	39	4.0
40	40	4.0
41	0	4.0
41	1	4.0
41	2	3.99
41	3	4.0
41	4	3.99
41	5	4.0
41	6	4.0
41	7	4.0
41	8	4.0
41	9	4.0
41	10	4.0
41	11	4.0
41	12	3.99
41	13	4.0
41	14	4.0
41	15	4.0
41	16	4.0
41	17	4.0
41	18	4.0
41	19	4.0
41	20	4.0
41	21	4.0
41	22	4.0
41	23	4.0
41	24	4.0
41	25	4.0
41	26	3.99
41	27	3.99
41	28	4.0
41	29	4.0
41	30	4.0
41	31	4.0
41	32	4.0
41	33	3.99
41	34	3.99
41	35	4.0
41	36	4.0
41	37	4.0
41	38	4.0
41	39	4.0
41	40	4.0
41	41	3.99
42	0	4.0
42	1	4.0
42	2	4.0
42	3	4.0
42	4	4.0
42	5	4.0
42	6	4.0
42	7	4.0
42	8	4.0
42	9	4.0
42	10	4.0
42	11	4.0
42	12	4.0
42	13	4.0
42	14	4.0
42	15	4.0
42	16	3.99
42	17	4.0
42	18	4.0
42	19	4.0
42	20	4.0
42	21	3.99
42	22	4.0
42	23	4.0
42	24	4.0
42	25	3.99
42	26	3.99
42	27	4.0
42	28	4.0
42	29	4.0
42	30	4.0
42	31	4.0
42	32	4.0
42	33	3.99
42	34	4.0
42	35	4.0
42	36	4.0
42	37	4.0
42	38	4.0
42	39	4.0
42	40	4.0
42	41	4.0
42	42	4.0
43	0	4.0
43	1	4.0
43	2	4.0
43	3	3.99
43	4	4.0
43	5	3.99
43	6	4.0
43	7	4.0
43	8	4.0
43	9	4.0
43	10	4.0
43	11	4.0
43	12	4.0
43	13	4.0
43	14	4.0
43	15	4.0
43	16	4.0
43	17	4.0
43	18	4.0
43	19	4.0
43	20	4.0
43	21	4.0
43	22	3.99
43	23	4.0
43	24	4.0
43	25	4.0
43	26	4.0
43	27	4.0
43	28	4.0
43	29	4.0
43	30	4.0
43	31	4.0
43	32	4.0
43	33	4.0
43	34	4.0
43	35	4.0
43	36	4.0
43	37	4.0
43	38	4.0
43	39	3.99
43	40	4.0
43	41	4.0
43	42	4.0
43	43	4.0
44	0	4.0
44	1	4.0
44	2	3.99
44	3	4.0
44	4	4.0
44	5	4.0
44	6	4.0
44	7	4.0
44	8	4.0
44	9	4.0
44	10	4.0
44	11	4.0
44	12	4.0
44	13	4.0
44	14	4.0
44	15	4.0
44	16	4.0
44	17	4.0
44	18	4.0
44	19	4.0
44	20	4.0
44	21	4.0
44	22	4.0
44	23	4.0
44	24	4.0
44	25	4.0
44	26	4.0
44	27	4.0
44	28	4.0
44	29	4.0
44	30	4.0
44	31	4.0
44	32	3.99
44	33	4.0
44	34	4.0
44	35	4.0
44	36	4.0
44	37	4.0
44	38	4.0
44	39	4.0
44	40	4.0
44	41	4.0
44	42	4.0
44	43	3.99
44	44	4.0
45	0	4.0
45	1	4.0
45	2	4.0
45	3	3.99
45	4	4.0
45	5	4.0
45	6	4.0
45	7	4.0
45	8	4.0
45	9	3.99
45	10	4.0
45	11	4.0
45	12	4.0
45	13	4.0
45	14	4.0
45	15	3.99
45	16	4.0
45	17	4.0
45	18	4.0
45	19	4.0
45	20	4.0
45	21	4.0
45	22	3.98
45	23	4.0
45	24	4.0
45	25	4.0
45	26	4.0
45	27	4.0
45	28	4.0
45	29	3.99
45	30	4.0
45	31	4.0
45	32	4.0
45	33	4.0
45	34	4.0
45	35	4.0
45	36	4.0
45	37	4.0
45	38	3.99
45	39	4.0
45	40	4.0
45	41	4.0
45	42	4.0
45	43	3.99
45	44	4.0
45	45	4.0
46	0	4.0
46	1	4.0
46	2	4.0
46	3	4.0
46	4	3.99
46	5	4.0
46	6	4.0
46	7	4.0
46	8	4.0
46	9	4.0
46	10	4.0
46	11	4.0
46	12	4.0
46	13	4.0
46	14	4.0
46	15	4.0
46	16	4.0
46	17	4.0
46	18	3.99
46	19	4.0
46	20	4.0
46	21	4.0
46	22	4.0
46	23	4.0
46	24	4.0
46	25	3.98
46	26	4.0
46	27	3.99
46	28	4.0
46	29	4.0
46	30	4.0
46	31	4.0
46	32	4.0
46	33	4.0
46	34	4.0
46	35	4.0
46	36	3.99
46	37	4.0
46	38	3.99
46	39	4.0
46	40	4.0
46	41	4.0
46	42	3.99
46	43	4.0
46	44	4.0
46	45	4.0
46	46	4.0
47	0	4.0
47	1	4.0
47	2	4.0
47	3	4.0
47	4	4.0
47	5	4.0
47	6	4.0
47	7	3.99
47	8	4.0
47	9	4.0
47	10	4.0
47	11	4.0
47	12	4.0
47	13	4.0
47	14	4.0
47	15	4.0
47	16	4.0
47	17	4.0
47	18	4.0
47	19	4.0
47	20	4.0
47	21	4.0
47	22	4.0
47	23	4.0
47	24	4.0
47	25	4.0
47	26	4.0
47	27	4.0
47	28	3.99
47	29	4.0
47	30	4.0
47	31	4.0
47	32	4.0
47	33	4.0
47	34	4.0
47	35	4.0
47	36	4.0
47	37	4.0
47	38	4.0
47	39	4.0
47	40	4.0
47	41	4.0
47	42	4.0
47	43	3.99
47	44	4.0
47	45	4.0
47	46	4.0
47	47	3.99
48	0	4.0
48	1	4.0
48	2	4.0
48	3	4.0
48	4	4.0
48	5	4.0
48	6	4.0
48	7	4.0
48	8	4.0
48	9	4.0
48	10	4.0
48	11	4.0
48	12	4.0
48	13	4.0
48	14	4.0
48	15	4.0
48	16	4.0
48	17	4.0
48	18	4.0
48	19	4.0
48	20	4.0
48	21	4.0
48	22	4.0
48	23	4.0
48	24	4.0
48	25	4.0
48	26	4.0
48	27	4.0
48	28	4.0
48	29	4.0
48	30	4.0
48	31	4.0
48	32	4.0
48	33	4.0
48	34	4.0
48	35	4.0
48	36	4.0
48	37	3.99
48	38	4.0
48	39	4.0
48	40	3.99
48	41	4.0
48	42	4.0
48	43	4.0
48	44	3.99
48	45	4.0
48	46	4.0
48	47	4.0
48	48	4.0
49	0	4.0
49	1	4.0
49	2	4.0
49	3	4.0
49	4	4.0
49	5	4.0
49	6	4.0
49	7	4.0
49	8	4.0
49	9	4.0
49	10	4.0
49	11	4.0
49	12	4.0
49	13	4.0
49	14	4.0
49	15	4.0
49	16	4.0
49	17	4.0
49	18	4.0
49	19	4.0
49	20	4.0
49	21	4.0
49	22	4.0
49	23	4.0
49	24	4.0
49	25	4.0
49	26	4.0
49	27	4.0
49	28	4.0
49	29	4.0
49	30	4.0
49	31	4.0
49	32	4.0
49	33	3.99
49	34	4.0
49	35	4.0
49	36	4.0
49	37	4.0
49	38	4.0
49	39	4.0
49	40	4.0
49	41	4.0
49	42	4.0
49	43	4.0
49	44	4.0
49	45	4.0
49	46	4.0
49	47	3.99
49	48	4.0
49	49	4.0
50	0	4.0
50	1	4.0
50	2	4.0
50	3	4.0
50	4	4.0
50	5	4.0
50	6	4.0
50	7	4.0
50	8	4.0
50	9	4.0
50	10	4.0
50	11	4.0
50	12	4.0
50	13	4.0
50	14	4.0
50	15	4.0
50	16	4.0
50	17	4.0
50	18	3.99
50	19	4.0
50	20	4.0
50	21	4.0
50	22	4.0
50	23	4.0
50	24	4.0
50	25	4.0
50	26	3.99
50	27	4.0
50	28	4.0
50	29	4.0
50	30	4.0
50	31	4.0
50	32	4.0
50	33	4.0
50	34	4.0
50	35	4.0
50	36	4.0
50	37	3.99
50	38	4.0
50	39	4.0
50	40	4.0
50	41	4.0
50	42	4.0
50	43	4.0
50	44	4.0
50	45	4.0
50	46	3.99
50	47	4.0
50	48	4.0
50	49	4.0
50	50	4.0
51	0	4.0
51	1	3.99
51	2	4.0
51	3	4.0
51	4	4.0
51	5	4.0
51	6	4.0
51	7	3.99
51	8	4.0
51	9	4.0
51	10	3.99
51	11	4.0
51	12	4.0
51	13	4.0
51	14	4.0
51	15	4.0
51	16	4.0
51	17	4.0
51	18	4.0
51	19	4.0
51	20	4.0
51	21	4.0
51	22	4.0
51	23	4.0
51	24	4.0
51	25	4.0
51	26	4.0
51	27	4.0
51	28	4.0
51	29	4.0
51	30	4.0
51	31	4.0
51	32	4.0
51	33	4.0
51	34	3.99
51	35	4.0
51	36	4.0
51	37	4.0
51	38	4.0
51	39	4.0
51	40	4.0
51	41	4.0
51	42	4.0
51	43	4.0
51	44	3.99
51	45	4.0
51	46	4.0
51	47	4.0
51	48	4.0
51	49	4.0
51	50	4.0
51	51	4.0
52	0	4.0
52	1	4.0
52	2	4.0
52	3	4.0
52	4	4.0
52	5	4.0
52	6	4.0
52	7	4.0
52	8	4.0
52	9	4.0
52	10	3.99
52	11	4.0
52	12	3.99
52	13	4.0
52	14	4.0
52	15	4.0
52	16	4.0
52	17	4.0
52	18	4.0
52	19	3.99
52	20	4.0
52	21	4.0
52	22	4.0
52	23	4.0
52	24	4.0
52	25	4.0
52	26	4.0
52	27	4.0
52	28	4.0
52	29	4.0
52	30	4.0
52	31	4.0
52	32	4.0
52	33	3.99
52	34	4.0
52	35	4.0
52	36	4.0
52	37	3.99
52	38	4.0
52	39	4.0
52	40	4.0
52	41	4.0
52	42	4.0
52	43	4.0
52	44	4.0
52	45	4.0
52	46	4.0
52	47	4.0
52	48	4.0
52	49	4.0
52	50	4.0
52	51	4.0
52	52	4.0
53	0	4.0
53	1	3.99
53	2	3.99
53	3	4.0
53	4	3.99
53	5	4.0
53	6	4.0
53	7	4.0
53	8	4.0
53	9	4.0
53	10	4.0
53	11	4.0
53	12	4.0
53	13	4.0
53	14	4.0
53	15	4.0
53	16	4.0
53	17	4.0
53	18	4.0
53	19	4.0
53	20	3.99
53	21	4.0
53	22	4.0
53	23	4.0
53	24	4.0
53	25	4.0
53	26	4.0
53	27	4.0
53	28	4.0
53	29	3.99
53	30	4.0
53	31	3.99
53	32	4.0
53	33	4.0
53	34	4.0
53	35	4.0
53	36	4.0
53	37	4.0
53	38	3.99
53	39	4.0
53	40	4.0
53	41	4.0
53	42	3.99
53	43	4.0
53	44	4.0
53	45	4.0
53	46	4.0
53	47	4.0
53	48	4.0
53	49	3.99
53	50	4.0
53	51	4.0
53	52	4.0
53	53	4.0
54	0	4.0
54	1	4.0
54	2	3.99
54	3	4.0
54	4	4.0
54	5	4.0
54	6	4.0
54	7	4.0
54	8	4.0
54	9	4.0
54	10	4.0
54	11	4.0
54	12	4.0
54	13	4.0
54	14	4.0
54	15	4.0
54	16	4.0
54	17	4.0
54	18	4.0
54	19	4.0
54	20	4.0
54	21	4.0
54	22	4.0
54	23	4.0
54	24	4.0
54	25	4.0
54	26	3.99
54	27	4.0
54	28	4.0
54	29	4.0
54	30	4.0
54	31	4.0
54	32	4.0
54	33	4.0
54	34	3.99
54	35	4.0
54	36	4.0
54	37	4.0
54	38	4.0
54	39	4.0
54	40	4.0
54	41	4.0
54	42	4.0
54	43	4.0
54	44	4.0
54	45	4.0
54	46	4.0
54	47	4.0
54	48	4.0
54	49	4.0
54	50	4.0
54	51	4.0
54	52	4.0
54	53	4.0
54	54	4.0
55	0	4.0
55	1	4.0
55	2	4.0
55	3	4.0
55	4	3.99
55	5	4.0
55	6	4.0
55	7	4.0
55	8	4.0
55	9	4.0
55	10	4.0
55	11	4.0
55	12	4.0
55	13	4.0
55	14	4.0
55	15	3.99
55	16	4.0
55	17	4.0
55	18	4.0
55	19	4.0
55	20	4.0
55	21	4.0
55	22	3.99
55	23	4.0
55	24	4.0
55	25	4.0
55	26	3.99
55	27	4.0
55	28	4.0
55	29	4.0
55	30	4.0
55	31	4.0
55	32	4.0
55	33	4.0
55	34	4.0
55	35	4.0
55	36	3.99
55	37	4.0
55	38	4.0
55	39	4.0
55	40	4.0
55	41	4.0
55	42	3.98
55	43	4.0
55	44	3.99
55	45	4.0
55	46	4.0
55	47	4.0
55	48	4.0
55	49	3.99
55	50	4.0
55	51	4.0
55	52	3.99
55	53	4.0
55	54	3.99
55	55	4.0
56	0	4.0
56	1	4.0
56	2	4.0
56	3	4.0
56	4	4.0
56	5	4.0
56	6	4.0
56	7	4.0
56	8	4.0
56	9	3.99
56	10	3.99
56	11	4.0
56	12	4.0
56	13	4.0
56	14	4.0
56	15	4.0
56	16	4.0
56	17	4.0
56	18	4.0
56	19	3.99
56	20	4.0
56	21	4.0
56	22	4.0
56	23	4.0
56	24	4.0
56	25	4.0
56	26	3.99
56	27	4.0
56	28	4.0
56	29	4.0
56	30	4.0
56	31	4.0
56	32	3.99
56	33	3.99
56	34	4.0
56	35	4.0
56	36	4.0
56	37	4.0
56	38	4.0
56	39	4.0
56	40	4.0
56	41	4.0
56	42	4.0
56	43	4.0
56	44	4.0
56	45	4.0
56	46	4.0
56	47	4.0
56	48	4.0
56	49	3.99
56	50	4.0
56	51	4.0
56	52	3.99
56	53	4.0
56	54	4.0
56	55	4.0
56	56	4.0
57	0	4.0
57	1	4.0
57	2	4.0
57	3	4.0
57	4	3.99
57	5	3.99
57	6	4.0
57	7	4.0
57	8	3.99
57	9	4.0
57	10	4.0
57	11	4.0
57	12	4.0
57	13	4.0
57	14	4.0
57	15	4.0
57	16	4.0
57	17	4.0
57	18	4.0
57	19	4.0
57	20	4.0
57	21	3.99
57	22	4.0
57	23	4.0
57	24	4.0
57	25	4.0
57	26	4.0
57	27	4.0
57	28	4.0
57	29	4.0
57	30	4.0
57	31	4.0
57	32	4.0
57	33	4.0
57	34	3.99
57	35	4.0
57	36	4.0
57	37	3.99
57	38	4.0
57	39	4.0
57	40	4.0
57	41	3.99
57	42	4.0
57	43	4.0
57	44	4.0
57	45	4.0
57	46	4.0
57	47	4.0
57	48	4.0
57	49	3.99
57	50	4.0
57	51	4.0
57	52	4.0
57	53	4.0
57	54	4.0
57	55	4.0
57	56	4.0
57	57	4.0
58	0	4.0
58	1	4.0
58	2	3.99
58	3	4.0
58	4	3.99
58	5	3.99
58	6	4.0
58	7	3.99
58	8	4.0
58	9	4.0
58	10	4.0
58	11	4.0
58	12	4.0
58	13	3.99
58	14	4.0
58	15	4.0
58	16	4.0
58	17	4.0
58	18	4.0
58	19	4.0
58	20	4.0
58	21	3.99
58	22	4.0
58	23	4.0
58	24	4.0
58	25	4.0
58	26	4.0
58	27	4.0
58	28	4.0
58	29	3.99
58	30	4.0
58	31	4.0
58	32	4.0
58	33	4.0
58	34	4.0
58	35	4.0
58	36	4.0
58	37	4.0
58	38	3.99
58	39	4.0
58	40	4.0
58	41	4.0
58	42	4.0
58	43	4.0
58	44	4.0
58	45	3.99
58	46	4.0
58	47	4.0
58	48	4.0
58	49	4.0
58	50	3.99
58	51	4.0
58	52	4.0
58	53	4.0
58	54	4.0
58	55	4.0
58	56	4.0
58	57	4.0
58	58	4.0
59	0	4.0
59	1	4.0
59	2	4.0
59	3	4.0
59	4	4.0
59	5	4.0
59	6	4.0
59	7	4.0
59	8	4.0
59	9	4.0
59	10	4.0
59	11	4.0
59	12	4.0
59	13	4.0
59	14	4.0
59	15	4.0
59	16	4.0
59	17	4.0
59	18	4.0
59	19	4.0
59	20	4.0
59	21	4.0
59	22	4.0
59	23	3.98
59	24	4.0
59	25	4.0
59	26	4.0
59	27	4.0
59	28	4.0
59	29	4.0
59	30	4.0
59	31	4.0
59	32	4.0
59	33	4.0
59	34	4.0
59	35	4.0
59	36	4.0
59	37	3.99
59	38	4.0
59	39	4.0
59	40	4.0
59	41	3.99
59	42	4.0
59	43	4.0
59	44	3.99
59	45	4.0
59	46	4.0
59	47	3.99
59	48	4.0
59	49	3.99
59	50	4.0
59	51	4.0
59	52	4.0
59	53	4.0
59	54	4.0
59	55	3.99
59	56	4.0
59	57	3.99
59	58	4.0
59	59	4.0
60	0	4.0
60	1	3.98
60	2	4.0
60	3	4.0
60	4	4.0
60	5	4.0
60	6	4.0
60	7	3.99
60	8	4.0
60	9	4.0
60	10	4.0
60	11	4.0
60	12	4.0
60	13	4.0
60	14	4.0
60	15	4.0
60	16	3.99
60	17	4.0
60	18	4.0
60	19	4.0
60	20	4.0
60	21	4.0
60	22	4.0
60	23	4.0
60	24	4.0
60	25	4.0
60	26	4.0
60	27	4.0
60	28	4.0
60	29	4.0
60	30	4.0
60	31	4.0
60	32	4.0
60	33	3.98
60	34	4.0
60	35	4.0
60	36	4.0
60	37	4.0
60	38	4.0
60	39	3.99
60	40	4.0
60	41	4.0
60	42	4.0
60	43	4.0
60	44	3.99
60	45	4.0
60	46	4.0
60	47	4.0
60	48	3.99
60	49	4.0
60	50	4.0
60	51	4.0
60	52	3.99
60	53	3.99
60	54	4.0
60	55	4.0
60	56	4.0
60	57	4.0
60	58	4.0
60	59	4.0
60	60	4.0
61	0	4.0
61	1	4.0
61	2	4.0
61	3	3.99
61	4	3.99
61	5	4.0
61	6	4.0
61	7	4.0
61	8	4.0
61	9	4.0
61	10	4.0
61	11	3.99
61	12	4.0
61	13	4.0
61	14	4.0
61	15	4.0
61	16	4.0
61	17	4.0
61	18	4.0
61	19	4.0
61	20	4.0
61	21	4.0
61	22	3.99
61	23	4.0
61	24	4.0
61	25	4.0
61	26	4.0
61	27	4.0
61	28	4.0
61	29	4.0
61	30	4.0
61	31	4.0
61	32	3.99
61	33	4.0
61	34	4.0
61	35	4.0
61	36	4.0
61	37	4.0
61	38	4.0
61	39	4.0
61	40	4.0
61	41	4.0
61	42	4.0
61	43	4.0
61	44	3.99
61	45	4.0
61	46	4.0
61	47	4.0
61	48	3.99
61	49	4.0
61	50	4.0
61	51	3.99
61	52	4.0
61	53	4.0
61	54	4.0
61	55	3.99
61	56	3.99
61	57	4.0
61	58	4.0
61	59	3.98
61	60	4.0
61	61	4.0
62	0	3.99
62	1	4.0
62	2	4.0
62	3	4.0
62	4	4.0
62	5	4.0
62	6	4.0
62	7	4.0
62	8	3.99
62	9	4.0
62	10	4.0
62	11	4.0
62	12	4.0
62	13	4.0
62	14	4.0
62	15	4.0
62	16	3.99
62	17	4.0
62	18	4.0
62	19	4.0
62	20	3.98
62	21	3.99
62	22	4.0
62	23	4.0
62	24	3.99
62	25	4.0
62	26	4.0
62	27	3.99
62	28	4.0
62	29	4.0
62	30	3.99
62	31	4.0
62	32	3.99
62	33	4.0
62	34	4.0
62	35	4.0
62	36	4.0
62	37	4.0
62	38	4.0
62	39	4.0
62	40	4.0
62	41	4.0
62	42	4.0
62	43	4.0
62	44	4.0
62	45	4.0
62	46	4.0
62	47	4.0
62	48	3.99
62	49	4.0
62	50	4.0
62	51	4.0
62	52	4.0
62	53	4.0
62	54	4.0
62	55	4.0
62	56	3.99
62	57	4.0
62	58	4.0
62	59	4.0
62	60	3.99
62	61	4.0
62	62	4.0
63	0	4.0
63	1	3.99
63	2	4.0
63	3	4.0
63	4	4.0
63	5	4.0
63	6	3.98
63	7	4.0
63	8	3.99
63	9	3.98
63	10	3.99
63	11	3.99
63	12	4.0
63	13	4.0
63	14	4.0
63	15	4.0
63	16	4.0
63	17	4.0
63	18	3.99
63	19	4.0
63	20	4.0
63	21	3.99
63	22	4.0
63	23	4.0
63	24	4.0
63	25	4.0
63	26	4.0
63	27	3.99
63	28	4.0
63	29	4.0
63	30	4.0
63	31	4.0
63	32	4.0
63	33	4.0
63	34	3.99
63	35	4.0
63	36	3.99
63	37	4.0
63	38	4.0
63	39	3.99
63	40	3.99
63	41	3.97
63	42	3.98
63	43	4.0
63	44	3.98
63	45	3.99
63	46	4.0
63	47	4.0
63	48	4.0
63	49	3.98
63	50	4.0
63	51	4.0
63	52	4.0
63	53	4.0
63	54	4.0
63	55	3.99
63	56	3.99
63	57	3.99
63	58	4.0
63	59	4.0
63	60	3.99
63	61	3.99
63	62	4.0
63	63	3.99
64	0	4.0
64	1	4.0
64	2	3.99
64	3	4.0
64	4	3.99
64	5	4.0
64	6	3.99
64	7	4.0
64	8	4.0
64	9	4.0
64	10	3.99
64	11	4.0
64	12	3.99
64	13	4.0
64	14	4.0
64	15	4.0
64	16	3.99
64	17	4.0
64	18	3.99
64	19	3.99
64	20	3.99
64	21	4.0
64	22	3.99
64	23	3.98
64	24	4.0
64	25	4.0
64	26	4.0
64	27	4.0
64	28	4.0
64	29	3.99
64	30	3.99
64	31	4.0
64	32	3.99
64	33	3.99
64	34	4.0
64	35	4.0
64	36	4.0
64	37	3.99
64	38	4.0
64	39	3.99
64	40	4.0
64	41	4.0
64	42	4.0
64	43	4.0
64	44	4.0
64	45	4.0
64	46	3.99
64	47	3.99
64	48	4.0
64	49	4.0
64	50	4.0
64	51	3.99
64	52	3.99
64	53	4.0
64	54	4.0
64	55	4.0
64	56	4.0
64	57	4.0
64	58	4.0
64	59	4.0
64	60	3.99
64	61	4.0
64	62	3.98
64	63	4.0
64	64	4.0
65	0	4.0
65	1	3.97
65	2	4.0
65	3	4.0
65	4	4.0
65	5	3.99
65	6	4.0
65	7	3.98
65	8	3.99
65	9	4.0
65	10	3.99
65	11	4.0
65	12	4.0
65	13	4.0
65	14	4.0
65	15	4.0
65	16	3.98
65	17	3.99
65	18	3.99
65	19	4.0
65	20	3.99
65	21	3.99
65	22	4.0
65	23	3.99
65	24	4.0
65	25	3.99
65	26	4.0
65	27	4.0
65	28	3.98
65	29	4.0
65	30	3.99
65	31	3.98
65	32	4.0
65	33	3.99
65	34	4.0
65	35	4.0
65	36	3.99
65	37	4.0
65	38	3.99
65	39	3.99
65	40	4.0
65	41	4.0
65	42	3.99
65	43	4.0
65	44	4.0
65	45	4.0
65	46	4.0
65	47	4.0
65	48	3.98
65	49	4.0
65	50	4.0
65	51	3.98
65	52	3.99
65	53	3.97
65	54	4.0
65	55	4.0
65	56	3.99
65	57	4.0
65	58	3.99
65	59	3.99
65	60	3.98
65	61	3.98
65	62	4.0
65	63	3.99
65	64	3.99
65	65	4.0
66	0	3.99
66	1	3.99
66	2	3.98
66	3	3.98
66	4	3.99
66	5	4.0
66	6	4.0
66	7	4.0
66	8	4.0
66	9	3.98
66	10	3.99
66	11	3.99
66	12	4.0
66	13	4.0
66	14	4.0
66	15	3.98
66	16	4.0
66	17	3.99
66	18	3.99
66	19	3.98
66	20	3.99
66	21	3.99
66	22	4.0
66	23	4.0
66	24	3.99
66	25	4.0
66	26	3.98
66	27	4.0
66	28	4.0
66	29	4.0
66	30	4.0
66	31	3.99
66	32	4.0
66	33	4.0
66	34	4.0
66	35	3.98
66	36	4.0
66	37	3.99
66	38	4.0
66	39	3.98
66	40	3.99
66	41	3.99
66	42	4.0
66	43	4.0
66	44	3.98
66	45	3.99
66	46	4.0
66	47	3.97
66	48	4.0
66	49	3.99
66	50	3.99
66	51	3.99
66	52	3.98
66	53	4.0
66	54	3.98
66	55	4.0
66	56	4.0
66	57	3.99
66	58	4.0
66	59	4.0
66	60	3.99
66	61	3.99
66	62	4.0
66	63	4.0
66	64	4.0
66	65	3.99
66	66	3.99
67	0	3.99
67	1	3.98
67	2	3.99
67	3	4.0
67	4	4.0
67	5	4.0
67	6	4.0
67	7	3.98
67	8	4.0
67	9	3.99
67	10	3.99
67	11	3.99
67	12	3.99
67	13	4.0
67	14	3.99
67	15	3.99
67	16	4.0
67	17	4.0
67	18	3.99
67	19	3.99
67	20	3.99
67	21	3.99
67	22	3.99
67	23	3.99
67	24	3.97
67	25	4.0
67	26	3.99
67	27	4.0
67	28	4.0
67	29	3.99
67	30	4.0
67	31	3.99
67	32	3.99
67	33	4.0
67	34	4.0
67	35	4.0
67	36	3.98
67	37	3.98
67	38	4.0
67	39	3.99
67	40	3.99
67	41	3.97
67	42	4.0
67	43	3.99
67	44	3.99
67	45	3.98
67	46	4.0
67	47	3.99
67	48	3.99
67	49	4.0
67	50	3.99
67	51	3.98
67	52	4.0
67	53	4.0
67	54	3.99
67	55	3.99
67	56	4.0
67	57	4.0
67	58	4.0
67	59	3.99
67	60	4.0
67	61	4.0
67	62	3.99
67	63	3.98
67	64	3.98
67	65	4.0
67	66	4.0
67	67	3.99
68	0	4.0
68	1	3.99
68	2	4.0
68	3	3.99
68	4	4.0
68	5	3.96
68	6	3.99
68	7	3.99
68	8	4.0
68	9	3.98
68	10	3.98
68	11	4.0
68	12	3.99
68	13	3.98
68	14	3.99
68	15	4.0
68	16	4.0
68	17	3.98
68	18	3.99
68	19	3.98
68	20	3.99
68	21	3.98
68	22	3.99
68	23	3.99
68	24	3.98
68	25	3.98
68	26	3.99
68	27	3.99
68	28	4.0
68	29	3.96
68	30	4.0
68	31	4.0
68	32	4.0
68	33	3.98
68	34	4.0
68	35	4.0
68	36	3.99
68	37	3.99
68	38	3.99
68	39	4.0
68	40	3.99
68	41	3.99
68	42	3.99
68	43	4.0
68	44	3.99
68	45	4.0
68	46	4.0
68	47	4.0
68	48	4.0
68	49	3.99
68	50	3.99
68	51	4.0
68	52	3.99
68	53	3.99
68	54	4.0
68	55	3.99
68	56	3.99
68	57	4.0
68	58	3.95
68	59	4.0
68	60	3.99
68	61	3.98
68	62	4.0
68	63	3.98
68	64	3.98
68	65	4.0
68	66	4.0
68	67	3.99
68	68	3.98
69	0	3.98
69	1	4.0
69	2	3.99
69	3	3.99
69	4	3.98
69	5	4.0
69	6	4.0
69	7	4.0
69	8	3.96
69	9	3.99
69	10	4.0
69	11	3.96
69	12	3.99
69	13	3.98
69	14	3.98
69	15	4.0
69	16	3.98
69	17	3.99
69	18	3.98
69	19	3.99
69	20	3.98
69	21	4.0
69	22	3.99
69	23	3.98
69	24	3.98
69	25	3.99
69	26	3.98
69	27	3.98
69	28	4.0
69	29	4.0
69	30	4.0
69	31	3.96
69	32	3.99
69	33	3.96
69	34	3.97
69	35	3.99
69	36	4.0
69	37	3.99
69	38	4.0
69	39	3.98
69	40	3.99
69	41	3.98
69	42	3.98
69	43	3.99
69	44	3.99
69	45	3.98
69	46	4.0
69	47	4.0
69	48	3.98
69	49	4.0
69	50	4.0
69	51	3.98
69	52	3.99
69	53	4.0
69	54	4.0
69	55	3.96
69	56	4.0
69	57	4.0
69	58	3.98
69	59	3.99
69	60	4.0
69	61	3.95
69	62	3.98
69	63	3.98
69	64	3.99
69	65	3.99
69	66	4.0
69	67	3.99
69	68	3.97
69	69	3.98
70	0	4.0
70	1	4.0
70	2	3.97
70	3	3.98
70	4	3.99
70	5	3.99
70	6	4.0
70	7	3.98
70	8	3.97
70	9	3.99
70	10	3.99
70	11	3.95
70	12	3.98
70	13	3.98
70	14	3.99
70	15	4.0
70	16	3.98
70	17	3.98
70	18	4.0
70	19	4.0
70	20	3.98
70	21	3.99
70	22	3.98
70	23	3.98
70	24	3.99
70	25	3.98
70	26	4.0
70	27	3.99
70	28	4.0
70	29	4.0
70	30	3.98
70	31	3.97
70	32	3.98
70	33	4.0
70	34	3.98
70	35	3.98
70	36	3.98
70	37	3.98
70	38	4.0
70	39	3.97
70	40	3.98
70	41	3.99
70	42	4.0
70	43	4.0
70	44	3.98
70	45	3.99
70	46	3.98
70	47	3.98
70	48	4.0
70	49	3.98
70	50	3.99
70	51	3.97
70	52	4.0
70	53	3.96
70	54	3.97
70	55	3.99
70	56	3.99
70	57	3.98
70	58	3.99
70	59	3.98
70	60	3.99
70	61	3.98
70	62	4.0
70	63	3.99
70	64	3.99
70	65	3.99
70	66	3.98
70	67	3.98
70	68	3.98
70	69	4.0
70	70	3.99
71	0	4.0
71	1	3.96
71	2	4.0
71	3	3.97
71	4	4.0
71	5	3.99
71	6	4.0
71	7	3.99
71	8	3.99
71	9	4.0
71	10	3.99
71	11	3.99
71	12	4.0
71	13	3.97
71	14	3.98
71	15	3.96
71	16	3.99
71	17	3.97
71	18	3.99
71	19	3.98
71	20	3.97
71	21	4.0
71	22	4.0
71	23	4.0
71	24	3.97
71	25	3.97
71	26	4.0
71	27	3.98
71	28	3.98
71	29	3.97
71	30	3.99
71	31	3.99
71	32	4.0
71	33	3.97
71	34	3.99
71	35	3.98
71	36	3.99
71	37	3.99
71	38	3.98
71	39	3.98
71	40	3.97
71	41	3.98
71	42	3.99
71	43	4.0
71	44	3.99
71	45	3.97
71	46	3.99
71	47	3.98
71	48	3.98
71	49	3.99
71	50	3.98
71	51	3.92
71	52	3.98
71	53	3.99
71	54	3.99
71	55	3.98
71	56	3.98
71	57	3.97
71	58	4.0
71	59	3.98
71	60	4.0
71	61	4.0
71	62	3.96
71	63	3.98
71	64	3.95
71	65	3.97
71	66	3.98
71	67	3.99
71	68	3.97
71	69	3.95
71	70	3.96
71	71	3.98
72	0	3.98
72	1	3.99
72	2	3.95
72	3	3.96
72	4	4.0
72	5	3.99
72	6	3.97
72	7	3.99
72	8	4.0
72	9	4.0
72	10	3.96
72	11	4.0
72	12	3.97
72	13	3.96
72	14	3.97
72	15	3.98
72	16	3.99
72	17	3.99
72	18	3.96
72	19	3.95
72	20	3.96
72	21	3.98
72	22	3.95
72	23	3.94
72	24	3.98
72	25	3.96
72	26	3.99
72	27	4.0
72	28	4.0
72	29	4.0
72	30	3.98
72	31	3.99
72	32	3.98
72	33	3.98
72	34	4.0
72	35	3.96
72	36	3.98
72	37	4.0
72	38	3.98
72	39	3.99
72	40	4.0
72	41	3.96
72	42	3.95
72	43	3.99
72	44	3.99
72	45	3.97
72	46	3.96
72	47	3.98
72	48	3.97
72	49	4.0
72	50	3.98
72	51	3.99
72	52	3.98
72	53	3.98
72	54	3.96
72	55	3.98
72	56	3.97
72	57	4.0
72	58	3.98
72	59	3.95
72	60	3.96
72	61	4.0
72	62	3.96
72	63	3.96
72	64	4.0
72	65	3.98
72	66	3.99
72	67	3.97
72	68	3.97
72	69	3.98
72	70	3.98
72	71	3.97
72	72	3.97
73	0	3.97
73	1	3.99
73	2	3.99
73	3	4.0
73	4	3.99
73	5	3.97
73	6	3.99
73	7	3.97
73	8	3.98
73	9	3.98
73	10	3.97
73	11	4.0
73	12	3.98
73	13	3.94
73	14	3.98
73	15	3.94
73	16	3.97
73	17	3.97
73	18	3.97
73	19	3.99
73	20	3.97
73	21	3.95
73	22	3.99
73	23	3.97
73	24	3.98
73	25	3.97
73	26	3.98
73	27	4.0
73	28	3.98
73	29	3.95
73	30	3.99
73	31	3.99
73	32	3.96
73	33	3.97
73	34	3.98
73	35	3.97
73	36	3.99
73	37	3.96
73	38	3.99
73	39	3.99
73	40	3.99
73	41	3.99
73	42	3.98
73	43	3.97
73	44	3.98
73	45	3.98
73	46	3.99
73	47	3.99
73	48	4.0
73	49	3.98
73	50	3.96
73	51	3.97
73	52	4.0
73	53	3.99
73	54	3.97
73	55	3.98
73	56	3.97
73	57	3.98
73	58	3.98
73	59	3.99
73	60	3.97
73	61	3.99
73	62	3.99
73	63	3.97
73	64	3.99
73	65	3.99
73	66	3.96
73	67	4.0
73	68	4.0
73	69	3.98
73	70	3.97
73	71	3.98
73	72	3.98
73	73	3.98
74	0	3.96
74	1	3.98
74	2	3.98
74	3	3.95
74	4	3.99
74	5	3.97
74	6	3.94
74	7	3.97
74	8	3.99
74	9	3.95
74	10	3.95
74	11	3.95
74	12	3.99
74	13	3.99
74	14	3.94
74	15	3.96
74	16	3.97
74	17	3.97
74	18	3.99
74	19	3.93
74	20	3.97
74	21	3.96
74	22	3.99
74	23	4.0
74	24	3.97
74	25	3.96
74	26	3.97
74	27	3.95
74	28	4.0
74	29	3.97
74	30	4.0
74	31	3.99
74	32	3.98
74	33	3.99
74	34	3.98
74	35	3.97
74	36	3.98
74	37	3.97
74	38	3.97
74	39	3.98
74	40	3.95
74	41	3.96
74	42	3.98
74	43	3.96
74	44	3.95
74	45	3.99
74	46	3.97
74	47	3.99
74	48	3.95
74	49	3.98
74	50	3.95
74	51	3.96
74	52	3.95
74	53	3.97
74	54	3.99
74	55	3.96
74	56	3.97
74	57	3.95
74	58	3.99
74	59	3.95
74	60	3.97
74	61	3.96
74	62	3.98
74	63	3.99
74	64	3.97
74	65	3.98
74	66	3.96
74	67	3.92
74	68	3.96
74	69	3.98
74	70	3.99
74	71	3.99
74	72	3.99
74	73	3.95
74	74	3.96
75	0	3.98
75	1	3.96
75	2	3.95
75	3	3.94
75	4	3.97
75	5	3.97
75	6	3.95
75	7	3.95
75	8	3.94
75	9	3.94
75	10	3.97
75	11	3.95
75	12	3.96
75	13	3.99
75	14	3.98
75	15	3.97
75	16	3.98
75	17	3.95
75	18	3.95
75	19	3.97
75	20	3.96
75	21	3.95
75	22	3.99
75	23	3.93
75	24	3.96
75	25	3.98
75	26	3.96
75	27	3.99
75	28	3.98
75	29	3.95
75	30	3.99
75	31	3.97
75	32	3.97
75	33	3.95
75	34	3.98
75	35	3.97
75	36	3.95
75	37	3.98
75	38	3.95
75	39	3.96
75	40	3.97
75	41	3.98
75	42	3.99
75	43	3.97
75	44	3.95
75	45	3.94
75	46	3.97
75	47	3.98
75	48	3.97
75	49	3.99
75	50	3.96
75	51	3.96
75	52	3.96
75	53	3.98
75	54	3.95
75	55	3.96
75	56	3.97
75	57	3.94
75	58	3.98
75	59	3.97
75	60	3.98
75	61	3.96
75	62	3.96
75	63	3.96
75	64	3.96
75	65	3.97
75	66	3.96
75	67	3.97
75	68	3.96
75	69	3.96
75	70	3.98
75	71	3.94
75	72	3.99
75	73	3.96
75	74	3.97
75	75	3.96
76	0	3.96
76	1	3.98
76	2	3.98
76	3	3.97
76	4	4.0
76	5	3.99
76	6	3.98
76	7	3.98
76	8	3.96
76	9	3.96
76	10	3.95
76	11	3.97
76	12	3.99
76	13	3.96
76	14	3.93
76	15	3.97
76	16	3.97
76	17	3.95
76	18	4.0
76	19	3.95
76	20	3.97
76	21	3.94
76	22	3.96
76	23	3.98
76	24	3.97
76	25	3.98
76	26	3.97
76	27	3.97
76	28	3.99
76	29	3.98
76	30	3.97
76	31	3.94
76	32	3.99
76	33	3.97
76	34	3.96
76	35	3.98
76	36	3.96
76	37	3.96
76	38	3.93
76	39	3.97
76	40	3.98
76	41	3.96
76	42	3.95
76	43	3.99
76	44	3.98
76	45	3.96
76	46	3.95
76	47	3.94
76	48	3.96
76	49	3.99
76	50	3.97
76	51	3.92
76	52	3.96
76	53	4.0
76	54	3.99
76	55	3.98
76	56	3.94
76	57	3.98
76	58	3.96
76	59	3.98
76	60	3.97
76	61	3.94
76	62	3.96
76	63	3.96
76	64	3.97
76	65	3.93
76	66	3.97
76	67	3.97
76	68	3.98
76	69	3.97
76	70	3.94
76	71	3.96
76	72	3.98
76	73	3.94
76	74	3.93
76	75	3.99
76	76	3.97
77	0	3.99
77	1	3.94
77	2	3.99
77	3	3.96
77	4	3.94
77	5	3.98
77	6	3.93
77	7	3.99
77	8	3.98
77	9	3.91
77	10	3.95
77	11	3.99
77	12	3.97
77	13	3.96
77	14	3.95
77	15	3.95
77	16	3.97
77	17	3.92
77	18	3.95
77	19	3.94
77	20	3.96
77	21	3.92
77	22	3.92
77	23	3.98
77	24	3.97
77	25	3.97
77	26	3.9
77	27	3.97
77	28	3.97
77	29	3.98
77	30	3.97
77	31	3.99
77	32	3.92
77	33	3.94
77	34	3.94
77	35	3.96
77	36	3.96
77	37	3.96
77	38	3.96
77	39	3.97
77	40	3.93
77	41	3.94
77	42	3.96
77	43	3.95
77	44	3.93
77	45	3.97
77	46	3.94
77	47	3.93
77	48	3.96
77	49	3.96
77	50	3.97
77	51	3.97
77	52	3.97
77	53	3.97
77	54	3.97
77	55	3.96
77	56	3.96
77	57	3.97
77	58	3.97
77	59	3.97
77	60	3.95
77	61	3.94
77	62	3.95
77	63	3.97
77	64	3.96
77	65	3.96
77	66	3.98
77	67	3.98
77	68	3.96
77	69	3.93
77	70	3.96
77	71	3.99
77	72	3.97
77	73	3.95
77	74	3.96
77	75	3.98
77	76	3.93
77	77	3.94
78	0	3.97
78	1	3.97
78	2	3.92
78	3	3.95
78	4	3.95
78	5	3.95
78	6	3.93
78	7	3.92
78	8	3.92
78	9	3.94
78	10	3.93
78	11	3.96
78	12	3.95
78	13	3.96
78	14	3.96
78	15	3.97
78	16	3.94
78	17	3.95
78	18	3.93
78	19	3.92
78	20	3.96
78	21	3.96
78	22	3.96
78	23	3.93
78	24	3.96
78	25	3.96
78	26	3.95
78	27	3.97
78	28	3.97
78	29	3.94
78	30	3.94
78	31	3.96
78	32	3.96
78	33	3.95
78	34	3.96
78	35	3.95
78	36	3.97
78	37	3.91
78	38	3.96
78	39	3.98
78	40	3.95
78	41	3.96
78	42	3.96
78	43	3.97
78	44	3.92
78	45	3.94
78	46	3.94
78	47	3.91
78	48	3.97
78	49	3.92
78	50	3.92
78	51	3.96
78	52	3.97
78	53	3.95
78	54	3.97
78	55	3.95
78	56	3.94
78	57	3.95
78	58	3.91
78	59	3.97
78	60	3.98
78	61	3.96
78	62	3.92
78	63	3.96
78	64	3.92
78	65	3.98
78	66	3.97
78	67	3.94
78	68	3.96
78	69	3.95
78	70	3.97
78	71	3.91
78	72	3.95
78	73	3.98
78	74	4.0
78	75	3.94
78	76	3.97
78	77	3.96
78	78	3.95
79	0	3.95
79	1	3.92
79	2	3.93
79	3	3.96
79	4	3.93
79	5	3.91
79	6	3.92
79	7	3.93
79	8	3.97
79	9	3.95
79	10	3.94
79	11	3.95
79	12	3.94
79	13	3.95
79	14	3.95
79	15	3.96
79	16	3.91
79	17	3.94
79	18	3.95
79	19	3.93
79	20	3.89
79	21	3.9
79	22	3.97
79	23	3.97
79	24	3.95
79	25	3.95
79	26	3.93
79	27	3.97
79	28	3.96
79	29	3.96
79	30	3.93
79	31	3.96
79	32	3.98
79	33	3.98
79	34	3.92
79	35	3.97
79	36	3.96
79	37	3.97
79	38	3.94
79	39	3.95
79	40	3.95
79	41	3.88
79	42	3.94
79	43	3.93
79	44	3.93
79	45	3.93
79	46	3.93
79	47	3.93
79	48	3.94
79	49	3.94
79	50	3.92
79	51	3.92
79	52	3.93
79	53	3.97
79	54	3.91
79	55	3.92
79	56	3.95
79	57	3.96
79	58	3.94
79	59	3.94
79	60	3.91
79	61	3.93
79	62	3.91
79	63	3.96
79	64	3.95
79	65	3.92
79	66	3.94
79	67	3.95
79	68	3.93
79	69	3.94
79	70	3.93
79	71	3.95
79	72	3.93
79	73	3.93
79	74	3.94
79	75	3.93
79	76	3.95
79	77	3.96
79	78	3.94
79	79	3.92
80	0	3.96
80	1	3.93
80	2	3.92
80	3	3.98
80	4	3.95
80	5	3.88
80	6	3.94
80	7	3.93
80	8	3.93
80	9	3.95
80	10	3.95
80	11	3.91
80	12	3.89
80	13	3.97
80	14	3.9
80	15	3.95
80	16	3.94
80	17	3.92
80	18	3.96
80	19	3.95
80	20	3.93
80	21	3.93
80	22	3.94
80	23	3.95
80	24	3.94
80	25	3.97
80	26	3.95
80	27	3.88
80	28	3.9
80	29	3.92
80	30	3.91
80	31	3.97
80	32	3.92
80	33	3.96
80	34	3.94
80	35	3.92
80	36	3.91
80	37	3.94
80	38	3.93
80	39	3.93
80	40	3.92
80	41	3.97
80	42	3.98
80	43	3.95
80	44	3.94
80	45	3.89
80	46	3.94
80	47	3.91
80	48	3.93
80	49	3.89
80	50	3.97
80	51	3.89
80	52	3.94
80	53	3.91
80	54	3.94
80	55	3.95
80	56	3.92
80	57	3.92
80	58	3.87
80	59	3.96
80	60	3.96
80	61	3.93
80	62	3.95
80	63	3.97
80	64	3.89
80	65	3.92
80	66	3.93
80	67	3.95
80	68	3.96
80	69	3.96
80	70	3.95
80	71	3.94
80	72	3.92
80	73	3.95
80	74	3.94
80	75	3.95
80	76	3.95
80	77	3.92
80	78	3.94
80	79	3.96
80	80	3.96
81	0	3.92
81	1	3.88
81	2	3.93
81	3	3.95
81	4	3.91
81	5	3.89
81	6	3.89
81	7	3.92
81	8	3.95
81	9	3.86
81	10	3.93
81	11	3.93
81	12	3.86
81	13	3.94
81	14	3.94
81	15	3.93
81	16	3.91
81	17	3.95
81	18	3.92
81	19	3.94
81	20	3.96
81	21	3.92
81	22	3.92
81	23	3.9
81	24	3.95
81	25	3.93
81	26	3.91
81	27	3.95
81	28	3.95
81	29	3.95
81	30	3.91
81	31	3.89
81	32	3.93
81	33	3.93
81	34	3.89
81	35	3.95
81	36	3.96
81	37	3.9
81	38	3.94
81	39	3.92
81	40	3.94
81	41	3.95
81	42	3.92
81	43	3.92
81	44	3.97
81	45	3.93
81	46	3.88
81	47	3.91
81	48	3.96
81	49	3.94
81	50	3.96
81	51	3.91
81	52	3.91
81	53	3.93
81	54	3.93
81	55	3.87
81	56	3.91
81	57	3.93
81	58	3.96
81	59	3.96
81	60	3.88
81	61	3.9
81	62	3.92
81	63	3.95
81	64	3.93
81	65	3.92
81	66	3.94
81	67	3.95
81	68	3.95
81	69	3.98
81	70	3.91
81	71	3.93
81	72	3.95
81	73	3.89
81	74	3.92
81	75	3.87
81	76	3.92
81	77	3.84
81	78	3.93
81	79	3.9
81	80	3.94
81	81	3.94
82	0	3.94
82	1	3.92
82	2	3.89
82	3	3.92
82	4	3.94
82	5	3.96
82	6	3.91
82	7	3.95
82	8	3.92
82	9	3.9
82	10	3.91
82	11	3.88
82	12	3.91
82	13	3.96
82	14	3.91
82	15	3.91
82	16	3.92
82	17	3.92
82	18	3.87
82	19	3.92
82	20	3.86
82	21	3.91
82	22	3.94
82	23	3.92
82	24	3.91
82	25	3.94
82	26	3.91
82	27	3.94
82	28	3.94
82	29	3.88
82	30	3.94
82	31	3.9
82	32	3.92
82	33	3.87
82	34	3.89
82	35	3.97
82	36	3.94
82	37	3.91
82	38	3.89
82	39	3.91
82	40	3.94
82	41	3.93
82	42	3.9
82	43	3.94
82	44	3.89
82	45	3.92
82	46	3.91
82	47	3.96
82	48	3.89
82	49	3.89
82	50	3.9
82	51	3.93
82	52	3.87
82	53	3.95
82	54	3.91
82	55	3.93
82	56	3.91
82	57	3.92
82	58	3.93
82	59	3.89
82	60	3.93
82	61	3.89
82	62	3.95
82	63	3.92
82	64	3.92
82	65	3.91
82	66	3.93
82	67	3.92
82	68	3.93
82	69	3.95
82	70	3.96
82	71	3.9
82	72	3.95
82	73	3.91
82	74	3.92
82	75	3.87
82	76	3.9
82	77	3.93
82	78	3.89
82	79	3.91
82	80	3.92
82	81	3.95
82	82	3.93
83	0	3.87
83	1	3.89
83	2	3.89
83	3	3.87
83	4	3.91
83	5	3.91
83	6	3.94
83	7	3.94
83	8	3.91
83	9	3.89
83	10	3.9
83	11	3.9
83	12	3.89
83	13	3.92
83	14	3.91
83	15	3.91
83	16	3.94
83	17	3.89
83	18	3.91
83	19	3.86
83	20	3.9
83	21	3.91
83	22	3.93
83	23	3.87
83	24	3.88
83	25	3.84
83	26	3.86
83	27	3.92
83	28	3.92
83	29	3.88
83	30	3.85
83	31	3.92
83	32	3.96
83	33	3.9
83	34	3.92
83	35	3.94
83	36	3.9
83	37	3.89
83	38	3.92
83	39	3.91
83	40	3.92
83	41	3.92
83	42	3.93
83	43	3.96
83	44	3.92
83	45	3.85
83	46	3.93
83	47	3.92
83	48	3.9
83	49	3.86
83	50	3.9
83	51	3.94
83	52	3.89
83	53	3.88
83	54	3.94
83	55	3.9
83	56	3.92
83	57	3.88
83	58	3.89
83	59	3.94
83	60	3.93
83	61	3.87
83	62	3.85
83	63	3.92
83	64	3.87
83	65	3.91
83	66	3.94
83	67	3.96
83	68	3.89
83	69	3.91
83	70	3.9
83	71	3.95
83	72	3.89
83	73	3.91
83	74	3.9
83	75	3.94
83	76	3.89
83	77	3.89
83	78	3.93
83	79	3.93
83	80	3.86
83	81	3.89
83	82	3.93
83	83	3.91
84	0	3.9
84	1	3.91
84	2	3.89
84	3	3.87
84	4	3.9
84	5	3.81
84	6	3.88
84	7	3.9
84	8	3.92
84	9	3.91
84	10	3.88
84	11	3.9
84	12	3.91
84	13	3.9
84	14	3.89
84	15	3.91
84	16	3.89
84	17	3.92
84	18	3.94
84	19	3.91
84	20	3.89
84	21	3.91
84	22	3.93
84	23	3.94
84	24	3.9
84	25	3.89
84	26	3.89
84	27	3.91
84	28	3.91
84	29	3.91
84	30	3.84
84	31	3.91
84	32	3.89
84	33	3.9
84	34	3.9
84	35	3.91
84	36	3.89
84	37	3.87
84	38	3.93
84	39	3.88
84	40	3.9
84	41	3.87
84	42	3.9
84	43	3.89
84	44	3.92
84	45	3.88
84	46	3.88
84	47	3.87
84	48	3.87
84	49	3.91
84	50	3.86
84	51	3.94
84	52	3.89
84	53	3.9
84	54	3.9
84	55	3.88
84	56	3.86
84	57	3.87
84	58	3.88
84	59	3.9
84	60	3.88
84	61	3.92
84	62	3.92
84	63	3.92
84	64	3.88
84	65	3.9
84	66	3.94
84	67	3.88
84	68	3.89
84	69	3.9
84	70	3.85
84	71	3.91
84	72	3.95
84	73	3.95
84	74	3.9
84	75	3.92
84	76	3.9
84	77	3.89
84	78	3.9
84	79	3.91
84	80	3.89
84	81	3.87
84	82	3.91
84	83	3.86
84	84	3.89
85	0	3.88
85	1	3.85
85	2	3.9
85	3	3.89
85	4	3.91
85	5	3.88
85	6	3.84
85	7	3.89
85	8	3.9
85	9	3.92
85	10	3.95
85	11	3.9
85	12	3.92
85	13	3.83
85	14	3.83
85	15	3.85
85	16	3.85
85	17	3.89
85	18	3.91
85	19	3.89
85	20	3.89
85	21	3.85
85	22	3.87
85	23	3.91
85	24	3.88
85	25	3.9
85	26	3.87
85	27	3.94
85	28	3.94
85	29	3.91
85	30	3.91
85	31	3.82
85	32	3.9
85	33	3.9
85	34	3.93
85	35	3.9
85	36	3.94
85	37	3.89
85	38	3.92
85	39	3.9
85	40	3.9
85	41	3.85
85	42	3.89
85	43	3.91
85	44	3.88
85	45	3.86
85	46	3.92
85	47	3.93
85	48	3.89
85	49	3.9
85	50	3.92
85	51	3.85
85	52	3.88
85	53	3.92
85	54	3.92
85	55	3.95
85	56	3.88
85	57	3.93
85	58	3.88
85	59	3.89
85	60	3.89
85	61	3.87
85	62	3.93
85	63	3.89
85	64	3.86
85	65	3.9
85	66	3.93
85	67	3.85
85	68	3.95
85	69	3.87
85	70	3.87
85	71	3.92
85	72	3.89
85	73	3.93
85	74	3.87
85	75	3.91
85	76	3.89
85	77	3.91
85	78	3.91
85	79	3.91
85	80	3.86
85	81	3.9
85	82	3.92
85	83	3.93
85	84	3.89
85	85	3.89
86	0	3.87
86	1	3.86
86	2	3.88
86	3	3.9
86	4	3.91
86	5	3.81
86	6	3.86
86	7	3.84
86	8	3.92
86	9	3.88
86	10	3.91
86	11	3.9
86	12	3.92
86	13	3.91
86	14	3.87
86	15	3.8
86	16	3.88
86	17	3.84
86	18	3.93
86	19	3.89
86	20	3.88
86	21	3.84
86	22	3.92
86	23	3.88
86	24	3.94
86	25	3.89
86	26	3.9
86	27	3.89
86	28	3.89
86	29	3.89
86	30	3.89
86	31	3.83
86	32	3.84
86	33	3.86
86	34	3.9
86	35	3.89
86	36	3.89
86	37	3.88
86	38	3.85
86	39	3.87
86	40	3.92
86	41	3.89
86	42	3.88
86	43	3.94
86	44	3.92
86	45	3.87
86	46	3.88
86	47	3.87
86	48	3.9
86	49	3.91
86	50	3.88
86	51	3.92
86	52	3.88
86	53	3.83
86	54	3.9
86	55	3.87
86	56	3.88
86	57	3.84
86	58	3.93
86	59	3.88
86	60	3.85
86	61	3.9
86	62	3.89
86	63	3.88
86	64	3.86
86	65	3.89
86	66	3.96
86	67	3.84
86	68	3.85
86	69	3.88
86	70	3.89
86	71	3.87
86	72	3.89
86	73	3.9
86	74	3.93
86	75	3.87
86	76	3.95
86	77	3.91
86	78	3.91
86	79	3.83
86	80	3.89
86	81	3.84
86	82	3.86
86	83	3.83
86	84	3.84
86	85	3.84
86	86	3.87
87	0	3.84
87	1	3.88
87	2	3.86
87	3	3.87
87	4	3.89
87	5	3.89
87	6	3.88
87	7	3.85
87	8	3.87
87	9	3.91
87	10	3.88
87	11	3.88
87	12	3.89
87	13	3.87
87	14	3.82
87	15	3.85
87	16	3.9
87	17	3.9
87	18	3.88
87	19	3.83
87	20	3.85
87	21	3.83
87	22	3.93
87	23	3.89
87	24	3.86
87	25	3.88
87	26	3.89
87	27	3.86
87	28	3.86
87	29	3.92
87	30	3.87
87	31	3.85
87	32	3.85
87	33	3.87
87	34	3.88
87	35	3.87
87	36	3.83
87	37	3.9
87	38	3.82
87	39	3.9
87	40	3.88
87	41	3.87
87	42	3.87
87	43	3.87
87	44	3.9
87	45	3.85
87	46	3.8
87	47	3.86
87	48	3.91
87	49	3.88
87	50	3.84
87	51	3.84
87	52	3.86
87	53	3.94
87	54	3.9
87	55	3.87
87	56	3.89
87	57	3.87
87	58	3.83
87	59	3.88
87	60	3.8
87	61	3.83
87	62	3.85
87	63	3.83
87	64	3.82
87	65	3.91
87	66	3.83
87	67	3.88
87	68	3.83
87	69	3.9
87	70	3.85
87	71	3.9
87	72	3.85
87	73	3.86
87	74	3.88
87	75	3.81
87	76	3.87
87	77	3.9
87	78	3.92
87	79	3.86
87	80	3.84
87	81	3.87
87	82	3.9
87	83	3.85
87	84	3.86
87	85	3.94
87	86	3.9
87	87	3.85
88	0	3.89
88	1	3.79
88	2	3.85
88	3	3.85
88	4	3.9
88	5	3.89
88	6	3.88
88	7	3.86
88	8	3.83
88	9	3.89
88	10	3.78
88	11	3.89
88	12	3.9
88	13	3.84
88	14	3.87
88	15	3.87
88	16	3.9
88	17	3.83
88	18	3.84
88	19	3.88
88	20	3.79
88	21	3.87
88	22	3.83
88	23	3.84
88	24	3.87
88	25	3.75
88	26	3.83
88	27	3.78
88	28	3.86
88	29	3.85
88	30	3.83
88	31	3.84
88	32	3.94
88	33	3.85
88	34	3.8
88	35	3.81
88	36	3.84
88	37	3.84
88	38	3.91
88	39	3.88
88	40	3.83
88	41	3.85
88	42	3.8
88	43	3.82
88	44	3.87
88	45	3.84
88	46	3.82
88	47	3.84
88	48	3.88
88	49	3.84
88	50	3.91
88	51	3.82
88	52	3.82
88	53	3.89
88	54	3.83
88	55	3.84
88	56	3.88
88	57	3.94
88	58	3.88
88	59	3.87
88	60	3.85
88	61	3.83
88	62	3.87
88	63	3.83
88	64	3.82
88	65	3.89
88	66	3.87
88	67	3.81
88	68	3.84
88	69	3.91
88	70	3.86
88	71	3.8
88	72	3.82
88	73	3.81
88	74	3.9
88	75	3.84
88	76	3.85
88	77	3.9
88	78	3.9
88	79	3.79
88	80	3.88
88	81	3.89
88	82	3.85
88	83	3.91
88	84	3.85
88	85	3.75
88	86	3.84
88	87	3.87
88	88	3.84
89	0	3.88
89	1	3.83
89	2	3.85
89	3	3.8
89	4	3.86
89	5	3.79
89	6	3.83
89	7	3.88
89	8	3.84
89	9	3.75
89	10	3.91
89	11	3.82
89	12	3.83
89	13	3.86
89	14	3.85
89	15	3.78
89	16	3.75
89	17	3.81
89	18	3.84
89	19	3.85
89	20	3.79
89	21	3.82
89	22	3.82
89	23	3.76
89	24	3.88
89	25	3.79
89	26	3.83
89	27	3.83
89	28	3.8
89	29	3.82
89	30	3.85
89	31	3.76
89	32	3.85
89	33	3.82
89	34	3.88
89	35	3.78
89	36	3.84
89	37	3.83
89	38	3.88
89	39	3.83
89	40	3.81
89	41	3.8
89	42	3.82
89	43	3.81
89	44	3.71
89	45	3.86
89	46	3.82
89	47	3.79
89	48	3.84
89	49	3.87
89	50	3.84
89	51	3.85
89	52	3.85
89	53	3.91
89	54	3.84
89	55	3.79
89	56	3.88
89	57	3.79
89	58	3.85
89	59	3.81
89	60	3.82
89	61	3.81
89	62	3.78
89	63	3.8
89	64	3.84
89	65	3.76
89	66	3.84
89	67	3.86
89	68	3.9
89	69	3.82
89	70	3.82
89	71	3.86
89	72	3.85
89	73	3.9
89	74	3.9
89	75	3.81
89	76	3.8
89	77	3.89
89	78	3.88
89	79	3.84
89	80	3.81
89	81	3.86
89	82	3.82
89	83	3.84
89	84	3.81
89	85	3.83
89	86	3.76
89	87	3.9
89	88	3.88
89	89	3.86
90	0	3.82
90	1	3.89
90	2	3.84
90	3	3.78
90	4	3.83
90	5	3.78
90	6	3.83
90	7	3.82
90	8	3.78
90	9	3.8
90	10	3.83
90	11	3.87
90	12	3.88
90	13	3.77
90	14	3.79
90	15	3.81
90	16	3.87
90	17	3.83
90	18	3.82
90	19	3.89
90	20	3.81
90	21	3.89
90	22	3.85
90	23	3.82
90	24	3.87
90	25	3.87
90	26	3.76
90	27	3.85
90	28	3.77
90	29	3.88
90	30	3.78
90	31	3.82
90	32	3.83
90	33	3.82
90	34	3.82
90	35	3.85
90	36	3.81
90	37	3.85
90	38	3.77
90	39	3.75
90	40	3.84
90	41	3.77
90	42	3.8
90	43	3.86
90	44	3.82
90	45	3.83
90	46	3.84
90	47	3.86
90	48	3.87
90	49	3.85
90	50	3.82
90	51	3.79
90	52	3.81
90	53	3.87
90	54	3.84
90	55	3.83
90	56	3.81
90	57	3.81
90	58	3.78
90	59	3.82
90	60	3.82
90	61	3.79
90	62	3.87
90	63	3.86
90	64	3.83
90	65	3.8
90	66	3.76
90	67	3.85
90	68	3.89
90	69	3.87
90	70	3.81
90	71	3.77
90	72	3.83
90	73	3.8
90	74	3.84
90	75	3.77
90	76	3.84
90	77	3.84
90	78	3.78
90	79	3.78
90	80	3.8
90	81	3.8
90	82	3.79
90	83	3.82
90	84	3.81
90	85	3.8
90	86	3.84
90	87	3.86
90	88	3.86
90	89	3.85
90	90	3.82
91	0	3.8
91	1	3.73
91	2	3.85
91	3	3.79
91	4	3.75
91	5	3.84
91	6	3.81
91	7	3.87
91	8	3.79
91	9	3.76
91	10	3.83
91	11	3.78
91	12	3.78
91	13	3.82
91	14	3.83
91	15	3.76
91	16	3.82
91	17	3.83
91	18	3.82
91	19	3.8
91	20	3.85
91	21	3.82
91	22	3.81
91	23	3.82
91	24	3.8
91	25	3.88
91	26	3.81
91	27	3.84
91	28	3.81
91	29	3.8
91	30	3.85
91	31	3.81
91	32	3.83
91	33	3.84
91	34	3.82
91	35	3.8
91	36	3.81
91	37	3.85
91	38	3.74
91	39	3.77
91	40	3.82
91	41	3.83
91	42	3.67
91	43	3.82
91	44	3.81
91	45	3.83
91	46	3.91
91	47	3.82
91	48	3.78
91	49	3.76
91	50	3.76
91	51	3.89
91	52	3.77
91	53	3.82
91	54	3.81
91	55	3.84
91	56	3.76
91	57	3.76
91	58	3.79
91	59	3.82
91	60	3.84
91	61	3.84
91	62	3.82
91	63	3.77
91	64	3.9
91	65	3.82
91	66	3.75
91	67	3.88
91	68	3.79
91	69	3.8
91	70	3.82
91	71	3.8
91	72	3.8
91	73	3.79
91	74	3.85
91	75	3.84
91	76	3.78
91	77	3.81
91	78	3.79
91	79	3.81
91	80	3.85
91	81	3.82
91	82	3.8
91	83	3.81
91	84	3.87
91	85	3.83
91	86	3.8
91	87	3.84
91	88	3.88
91	89	3.82
91	90	3.82
91	91	3.77
92	0	3.71
92	1	3.79
92	2	3.85
92	3	3.79
92	4	3.85
92	5	3.88
92	6	3.88
92	7	3.76
92	8	3.8
92	9	3.83
92	10	3.78
92	11	3.76
92	12	3.75
92	13	3.81
92	14	3.8
92	15	3.79
92	16	3.82
92	17	3.81
92	18	3.78
92	19	3.76
92	20	3.76
92	21	3.82
92	22	3.85
92	23	3.89
92	24	3.82
92	25	3.79
92	26	3.74
92	27	3.79
92	28	3.78
92	29	3.83
92	30	3.83
92	31	3.81
92	32	3.84
92	33	3.77
92	34	3.81
92	35	3.8
92	36	3.76
92	37	3.69
92	38	3.87
92	39	3.73
92	40	3.8
92	41	3.77
92	42	3.8
92	43	3.87
92	44	3.79
92	45	3.8
92	46	3.82
92	47	3.8
92	48	3.77
92	49	3.8
92	50	3.83
92	51	3.77
92	52	3.79
92	53	3.76
92	54	3.74
92	55	3.81
92	56	3.86
92	57	3.78
92	58	3.8
92	59	3.77
92	60	3.77
92	61	3.76
92	62	3.84
92	63	3.75
92	64	3.82
92	65	3.83
92	66	3.74
92	67	3.84
92	68	3.76
92	69	3.79
92	70	3.78
92	71	3.78
92	72	3.78
92	73	3.78
92	74	3.79
92	75	3.8
92	76	3.7
92	77	3.78
92	78	3.79
92	79	3.76
92	80	3.83
92	81	3.79
92	82	3.83
92	83	3.79
92	84	3.76
92	85	3.83
92	86	3.85
92	87	3.81
92	88	3.8
92	89	3.86
92	90	3.79
92	91	3.82
92	92	3.78
93	0	3.74
93	1	3.77
93	2	3.81
93	3	3.7
93	4	3.69
93	5	3.75
93	6	3.75
93	7	3.83
93	8	3.75
93	9	3.78
93	10	3.78
93	11	3.81
93	12	3.76
93	13	3.73
93	14	3.81
93	15	3.73
93	16	3.77
93	17	3.76
93	18	3.68
93	19	3.84
93	20	3.81
93	21	3.7
93	22	3.73
93	23	3.76
93	24	3.76
93	25	3.78
93	26	3.82
93	27	3.8
93	28	3.81
93	29	3.8
93	30	3.82
93	31	3.77
93	32	3.79
93	33	3.79
93	34	3.8
93	35	3.7
93	36	3.78
93	37	3.81
93	38	3.77
93	39	3.77
93	40	3.75
93	41	3.8
93	42	3.79
93	43	3.83
93	44	3.77
93	45	3.69
93	46	3.75
93	47	3.8
93	48	3.76
93	49	3.78
93	50	3.75
93	51	3.74
93	52	3.76
93	53	3.82
93	54	3.84
93	55	3.79
93	56	3.74
93	57	3.82
93	58	3.75
93	59	3.8
93	60	3.69
93	61	3.78
93	62	3.79
93	63	3.83
93	64	3.7
93	65	3.78
93	66	3.78
93	67	3.76
93	68	3.82
93	69	3.76
93	70	3.75
93	71	3.75
93	72	3.78
93	73	3.75
93	74	3.79
93	75	3.76
93	76	3.79
93	77	3.83
93	78	3.71
93	79	3.77
93	80	3.77
93	81	3.79
93	82	3.8
93	83	3.77
93	84	3.72
93	85	3.73
93	86	3.77
93	87	3.77
93	88	3.83
93	89	3.82
93	90	3.84
93	91	3.85
93	92	3.83
93	93	3.78
94	0	3.76
94	1	3.78
94	2	3.76
94	3	3.78
94	4	3.75
94	5	3.81
94	6	3.8
94	7	3.77
94	8	3.78
94	9	3.8
94	10	3.74
94	11	3.72
94	12	3.79
94	13	3.7
94	14	3.78
94	15	3.87
94	16	3.73
94	17	3.7
94	18	3.78
94	19	3.77
94	20	3.74
94	21	3.74
94	22	3.71
94	23	3.8
94	24	3.79
94	25	3.7
94	26	3.76
94	27	3.8
94	28	3.79
94	29	3.75
94	30	3.74
94	31	3.82
94	32	3.76
94	33	3.87
94	34	3.77
94	35	3.72
94	36	3.78
94	37	3.74
94	38	3.79
94	39	3.74
94	40	3.74
94	41	3.74
94	42	3.66
94	43	3.63
94	44	3.82
94	45	3.76
94	46	3.74
94	47	3.75
94	48	3.72
94	49	3.73
94	50	3.75
94	51	3.69
94	52	3.8
94	53	3.74
94	54	3.81
94	55	3.8
94	56	3.79
94	57	3.77
94	58	3.76
94	59	3.67
94	60	3.77
94	61	3.81
94	62	3.75
94	63	3.8
94	64	3.76
94	65	3.75
94	66	3.79
94	67	3.78
94	68	3.76
94	69	3.78
94	70	3.71
94	71	3.84
94	72	3.8
94	73	3.79
94	74	3.76
94	75	3.77
94	76	3.72
94	77	3.81
94	78	3.77
94	79	3.73
94	80	3.8
94	81	3.71
94	82	3.71
94	83	3.74
94	84	3.77
94	85	3.72
94	86	3.83
94	87	3.8
94	88	3.72
94	89	3.81
94	90	3.75
94	91	3.79
94	92	3.7
94	93	3.78
94	94	3.83
95	0	3.78
95	1	3.78
95	2	3.81
95	3	3.76
95	4	3.8
95	5	3.73
95	6	3.68
95	7	3.68
95	8	3.76
95	9	3.77
95	10	3.76
95	11	3.78
95	12	3.75
95	13	3.73
95	14	3.79
95	15	3.79
95	16	3.75
95	17	3.79
95	18	3.71
95	19	3.71
95	20	3.68
95	21	3.73
95	22	3.8
95	23	3.76
95	24	3.76
95	25	3.76
95	26	3.74
95	27	3.76
95	28	3.69
95	29	3.8
95	30	3.79
95	31	3.77
95	32	3.69
95	33	3.82
95	34	3.78
95	35	3.82
95	36	3.8
95	37	3.73
95	38	3.74
95	39	3.71
95	40	3.76
95	41	3.78
95	42	3.78
95	43	3.76
95	44	3.72
95	45	3.82
95	46	3.73
95	47	3.79
95	48	3.83
95	49	3.76
95	50	3.77
95	51	3.66
95	52	3.7
95	53	3.68
95	54	3.68
95	55	3.76
95	56	3.75
95	57	3.79
95	58	3.69
95	59	3.77
95	60	3.71
95	61	3.78
95	62	3.67
95	63	3.72
95	64	3.78
95	65	3.78
95	66	3.71
95	67	3.74
95	68	3.71
95	69	3.78
95	70	3.75
95	71	3.72
95	72	3.78
95	73	3.76
95	74	3.73
95	75	3.8
95	76	3.76
95	77	3.77
95	78	3.76
95	79	3.79
95	80	3.78
95	81	3.76
95	82	3.75
95	83	3.82
95	84	3.73
95	85	3.75
95	86	3.76
95	87	3.69
95	88	3.77
95	89	3.8
95	90	3.77
95	91	3.76
95	92	3.71
95	93	3.75
95	94	3.72
95	95	3.72
96	0	3.73
96	1	3.64
96	2	3.66
96	3	3.73
96	4	3.76
96	5	3.81
96	6	3.76
96	7	3.72
96	8	3.75
96	9	3.63
96	10	3.68
96	11	3.75
96	12	3.76
96	13	3.75
96	14	3.66
96	15	3.74
96	16	3.7
96	17	3.78
96	18	3.74
96	19	3.71
96	20	3.64
96	21	3.81
96	22	3.73
96	23	3.74
96	24	3.73
96	25	3.72
96	26	3.69
96	27	3.8
96	28	3.73
96	29	3.72
96	30	3.78
96	31	3.81
96	32	3.77
96	33	3.81
96	34	3.76
96	35	3.67
96	36	3.65
96	37	3.75
96	38	3.71
96	39	3.8
96	40	3.72
96	41	3.79
96	42	3.68
96	43	3.74
96	44	3.77
96	45	3.72
96	46	3.72
96	47	3.78
96	48	3.78
96	49	3.74
96	50	3.8
96	51	3.66
96	52	3.68
96	53	3.7
96	54	3.68
96	55	3.67
96	56	3.68
96	57	3.78
96	58	3.73
96	59	3.75
96	60	3.76
96	61	3.74
96	62	3.71
96	63	3.73
96	64	3.68
96	65	3.76
96	66	3.71
96	67	3.69
96	68	3.75
96	69	3.73
96	70	3.75
96	71	3.76
96	72	3.7
96	73	3.75
96	74	3.75
96	75	3.75
96	76	3.72
96	77	3.73
96	78	3.66
96	79	3.73
96	80	3.75
96	81	3.75
96	82	3.75
96	83	3.83
96	84	3.62
96	85	3.74
96	86	3.72
96	87	3.71
96	88	3.71
96	89	3.66
96	90	3.76
96	91	3.82
96	92	3.66
96	93	3.72
96	94	3.67
96	95	3.77
96	96	3.72
97	0	3.66
97	1	3.68
97	2	3.77
97	3	3.65
97	4	3.69
97	5	3.76
97	6	3.71
97	7	3.78
97	8	3.72
97	9	3.8
97	10	3.69
97	11	3.74
97	12	3.63
97	13	3.66
97	14	3.73
97	15	3.73
97	16	3.68
97	17	3.7
97	18	3.81
97	19	3.69
97	20	3.78
97	21	3.75
97	22	3.7
97	23	3.69
97	24	3.77
97	25	3.71
97	26	3.75
97	27	3.8
97	28	3.75
97	29	3.74
97	30	3.76
97	31	3.71
97	32	3.74
97	33	3.68
97	34	3.7
97	35	3.69
97	36	3.7
97	37	3.67
97	38	3.69
97	39	3.68
97	40	3.66
97	41	3.66
97	42	3.74
97	43	3.71
97	44	3.68
97	45	3.7
97	46	3.81
97	47	3.73
97	48	3.75
97	49	3.68
97	50	3.77
97	51	3.7
97	52	3.7
97	53	3.77
97	54	3.67
97	55	3.72
97	56	3.75
97	57	3.81
97	58	3.64
97	59	3.67
97	60	3.72
97	61	3.73
97	62	3.72
97	63	3.71
97	64	3.65
97	65	3.68
97	66	3.66
97	67	3.7
97	68	3.68
97	69	3.69
97	70	3.71
97	71	3.68
97	72	3.68
97	73	3.68
97	74	3.69
97	75	3.76
97	76	3.68
97	77	3.76
97	78	3.7
97	79	3.67
97	80	3.77
97	81	3.69
97	82	3.69
97	83	3.68
97	84	3.67
97	85	3.68
97	86	3.72
97	87	3.64
97	88	3.64
97	89	3.64
97	90	3.73
97	91	3.73
97	92	3.69
97	93	3.77
97	94	3.69
97	95	3.78
97	96	3.65
97	97	3.73
98	0	3.68
98	1	3.65
98	2	3.73
98	3	3.58
98	4	3.67
98	5	3.66
98	6	3.71
98	7	3.82
98	8	3.74
98	9	3.66
98	10	3.77
98	11	3.62
98	12	3.71
98	13	3.72
98	14	3.67
98	15	3.7
98	16	3.58
98	17	3.68
98	18	3.77
98	19	3.71
98	20	3.76
98	21	3.77
98	22	3.72
98	23	3.71
98	24	3.74
98	25	3.66
98	26	3.64
98	27	3.7
98	28	3.69
98	29	3.76
98	30	3.69
98	31	3.75
98	32	3.68
98	33	3.69
98	34	3.6
98	35	3.71
98	36	3.72
98	37	3.76
98	38	3.72
98	39	3.7
98	40	3.83
98	41	3.76
98	42	3.78
98	43	3.77
98	44	3.71
98	45	3.71
98	46	3.65
98	47	3.66
98	48	3.74
98	49	3.67
98	50	3.71
98	51	3.71
98	52	3.71
98	53	3.73
98	54	3.68
98	55	3.68
98	56	3.65
98	57	3.64
98	58	3.76
98	59	3.74
98	60	3.72
98	61	3.64
98	62	3.68
98	63	3.78
98	64	3.74
98	65	3.7
98	66	3.74
98	67	3.69
98	68	3.68
98	69	3.65
98	70	3.78
98	71	3.7
98	72	3.71
98	73	3.76
98	74	3.73
98	75	3.67
98	76	3.72
98	77	3.69
98	78	3.76
98	79	3.71
98	80	3.72
98	81	3.8
98	82	3.68
98	83	3.73
98	84	3.7
98	85	3.68
98	86	3.65
98	87	3.75
98	88	3.68
98	89	3.72
98	90	3.65
98	91	3.7
98	92	3.74
98	93	3.7
98	94	3.67
98	95	3.64
98	96	3.7
98	97	3.69
98	98	3.7
99	0	3.78
99	1	3.66
99	2	3.68
99	3	3.71
99	4	3.65
99	5	3.7
99	6	3.67
99	7	3.69
99	8	3.7
99	9	3.67
99	10	3.63
99	11	3.65
99	12	3.7
99	13	3.73
99	14	3.72
99	15	3.59
99	16	3.64
99	17	3.65
99	18	3.65
99	19	3.69
99	20	3.67
99	21	3.67
99	22	3.71
99	23	3.57
99	24	3.7
99	25	3.65
99	26	3.75
99	27	3.68
99	28	3.65
99	29	3.6
99	30	3.64
99	31	3.67
99	32	3.61
99	33	3.72
99	34	3.67
99	35	3.65
99	36	3.74
99	37	3.63
99	38	3.77
99	39	3.77
99	40	3.7
99	41	3.71
99	42	3.65
99	43	3.66
99	44	3.7
99	45	3.72
99	46	3.66
99	47	3.68
99	48	3.59
99	49	3.64
99	50	3.6
99	51	3.8
99	52	3.66
99	53	3.7
99	54	3.69
99	55	3.63
99	56	3.67
99	57	3.63
99	58	3.63
99	59	3.71
99	60	3.7
99	61	3.72
99	62	3.76
99	63	3.7
99	64	3.74
99	65	3.71
99	66	3.7
99	67	3.7
99	68	3.72
99	69	3.69
99	70	3.75
99	71	3.63
99	72	3.63
99	73	3.69
99	74	3.72
99	75	3.66
99	76	3.74
99	77	3.6
99	78	3.63
99	79	3.69
99	80	3.71
99	81	3.65
99	82	3.75
99	83	3.66
99	84	3.67
99	85	3.68
99	86	3.76
99	87	3.74
99	88	3.7
99	89	3.57
99	90	3.72
99	91	3.73
99	92	3.69
99	93	3.76
99	94	3.66
99	95	3.66
99	96	3.63
99	97	3.7
99	98	3.7
99	99	3.67
100	0	3.64
100	1	3.67
100	2	3.65
100	3	3.65
100	4	3.61
100	5	3.66
100	6	3.6
100	7	3.7
100	8	3.69
100	9	3.71
100	10	3.67
100	11	3.63
100	12	3.67
100	13	3.66
100	14	3.65
100	15	3.54
100	16	3.69
100	17	3.57
100	18	3.72
100	19	3.63
100	20	3.66
100	21	3.6
100	22	3.65
100	23	3.73
100	24	3.62
100	25	3.62
100	26	3.68
100	27	3.64
100	28	3.71
100	29	3.66
100	30	3.67
100	31	3.72
100	32	3.75
100	33	3.65
100	34	3.59
100	35	3.7
100	36	3.69
100	37	3.76
100	38	3.61
100	39	3.64
100	40	3.72
100	41	3.64
100	42	3.74
100	43	3.68
100	44	3.72
100	45	3.71
100	46	3.6
100	47	3.63
100	48	3.67
100	49	3.64
100	50	3.68
100	51	3.67
100	52	3.66
100	53	3.68
100	54	3.57
100	55	3.69
100	56	3.62
100	57	3.65
100	58	3.71
100	59	3.64
100	60	3.61
100	61	3.63
100	62	3.75
100	63	3.74
100	64	3.68
100	65	3.64
100	66	3.55
100	67	3.61
100	68	3.56
100	69	3.63
100	70	3.64
100	71	3.7
100	72	3.61
100	73	3.63
100	74	3.72
100	75	3.65
100	76	3.66
100	77	3.59
100	78	3.66
100	79	3.68
100	80	3.6
100	81	3.7
100	82	3.59
100	83	3.6
100	84	3.58
100	85	3.66
100	86	3.62
100	87	3.63
100	88	3.68
100	89	3.7
100	90	3.6
100	91	3.63
100	92	3.74
100	93	3.66
100	94	3.73
100	95	3.64
100	96	3.75
100	97	3.63
100	98	3.73
100	99	3.62
100	100	3.54
