0	0	0.08
1	0	0.08
1	1	0.08
2	0	0.08
2	1	0.08
2	2	0.08
3	0	0.08
3	1	0.08
3	2	0.08
3	3	0.08
4	0	0.08
4	1	0.08
4	2	0.08
4	3	0.08
4	4	0.08
5	0	0.08
5	1	0.08
5	2	0.08
5	3	0.08
5	4	0.08
5	5	0.08
6	0	0.08
6	1	0.08
6	2	0.08
6	3	0.08
6	4	0.08
6	5	0.08
6	6	0.08
7	0	0.08
7	1	0.08
7	2	0.08
7	3	0.08
7	4	0.08
7	5	0.08
7	6	0.08
7	7	0.08
8	0	0.08
8	1	0.08
8	2	0.08
8	3	0.08
8	4	0.08
8	5	0.08
8	6	0.08
8	7	0.08
8	8	0.08
9	0	0.08
9	1	0.08
9	2	0.08
9	3	0.08
9	4	0.08
9	5	0.08
9	6	0.08
9	7	0.08
9	8	0.08
9	9	0.08
10	0	0.08
10	1	0.08
10	2	0.08
10	3	0.08
10	4	0.08
10	5	0.08
10	6	0.08
10	7	0.08
10	8	0.08
10	9	0.08
10	10	0.08
11	0	0.08
11	1	0.08
11	2	0.08
11	3	0.08
11	4	0.08
11	5	0.08
11	6	0.08
11	7	0.08
11	8	0.08
11	9	0.08
11	10	0.08
11	11	0.08
12	0	0.08
12	1	0.08
12	2	0.08
12	3	0.08
12	4	0.08
12	5	0.08
12	6	0.08
12	7	0.08
12	8	0.08
12	9	0.08
12	10	0.08
12	11	0.08
12	12	0.08
13	0	0.08
13	1	0.08
13	2	0.08
13	3	0.08
13	4	0.08
13	5	0.08
13	6	0.08
13	7	0.08
13	8	0.08
13	9	0.08
13	10	0.08
13	11	0.08
13	12	0.08
13	13	0.08
14	0	0.08
14	1	0.08
14	2	0.08
14	3	0.08
14	4	0.08
14	5	0.08
14	6	0.08
14	7	0.08
14	8	0.08
14	9	0.08
14	10	0.08
14	11	0.08
14	12	0.08
14	13	0.08
14	14	0.08
15	0	0.08
15	1	0.08
15	2	0.08
15	3	0.08
15	4	0.08
15	5	0.08
15	6	0.08
15	7	0.08
15	8	0.08
15	9	0.08
15	10	0.08
15	11	0.08
15	12	0.08
15	13	0.08
15	14	0.08
15	15	0.08
16	0	0.08
16	1	0.08
16	2	0.08
16	3	0.08
16	4	0.08
16	5	0.08
16	6	0.08
16	7	0.08
16	8	0.08
16	9	0.08
16	10	0.08
16	11	0.08
16	12	0.08
16	13	0.08
16	14	0.08
16	15	0.08
16	16	0.08
17	0	0.08
17	1	0.08
17	2	0.08
17	3	0.08
17	4	0.08
17	5	0.08
17	6	0.08
17	7	0.08
17	8	0.08
17	9	0.08
17	10	0.08
17	11	0.08
17	12	0.08
17	13	0.08
17	14	0.08
17	15	0.08
17	16	0.08
17	17	0.08
18	0	0.08
18	1	0.08
18	2	0.08
18	3	0.08
18	4	0.08
18	5	0.08
18	6	0.08
18	7	0.08
18	8	0.08
18	9	0.08
18	10	0.08
18	11	0.08
18	12	0.08
18	13	0.08
18	14	0.08
18	15	0.08
18	16	0.08
18	17	0.08
18	18	0.08
19	0	0.08
19	1	0.08
19	2	0.08
19	3	0.08
19	4	0.08
19	5	0.08
19	6	0.08
19	7	0.07
19	8	0.08
19	9	0.08
19	10	0.08
19	11	0.08
19	12	0.08
19	13	0.08
19	14	0.08
19	15	0.08
19	16	0.08
19	17	0.08
19	18	0.08
19	19	0.08
20	0	0.08
20	1	0.08
20	2	0.08
20	3	0.08
20	4	0.08
20	5	0.08
20	6	0.08
20	7	0.08
20	8	0.08
20	9	0.08
20	10	0.08
20	11	0.08
20	12	0.08
20	13	0.08
20	14	0.08
20	15	0.08
20	16	0.08
20	17	0.08
20	18	0.08
20	19	0.08
20	20	0.08
21	0	0.08
21	1	0.08
21	2	0.08
21	3	0.08
21	4	0.08
21	5	0.08
21	6	0.08
21	7	0.08
21	8	0.08
21	9	0.08
21	10	0.08
21	11	0.08
21	12	0.08
21	13	0.08
21	14	0.08
21	15	0.08
21	16	0.08
21	17	0.08
21	18	0.08
21	19	0.08
21	20	0.08
21	21	0.08
22	0	0.08
22	1	0.08
22	2	0.08
22	3	0.08
22	4	0.08
22	5	0.08
22	6	0.08
22	7	0.08
22	8	0.08
22	9	0.08
22	10	0.08
22	11	0.08
22	12	0.08
22	13	0.08
22	14	0.08
22	15	0.08
22	16	0.08
22	17	0.08
22	18	0.08
22	19	0.08
22	20	0.08
22	21	0.08
22	22	0.08
23	0	0.08
23	1	0.08
23	2	0.08
23	3	0.08
23	4	0.08
23	5	0.08
23	6	0.08
23	7	0.08
23	8	0.08
23	9	0.08
23	10	0.08
23	11	0.08
23	12	0.08
23	13	0.08
23	14	0.08
23	15	0.08
23	16	0.08
23	17	0.08
23	18	0.08
23	19	0.08
23	20	0.08
23	21	0.08
23	22	0.08
23	23	0.08
24	0	0.08
24	1	0.08
24	2	0.08
24	3	0.08
24	4	0.08
24	5	0.08
24	6	0.08
24	7	0.08
24	8	0.08
24	9	0.08
24	10	0.08
24	11	0.08
24	12	0.08
24	13	0.08
24	14	0.08
24	15	0.08
24	16	0.08
24	17	0.08
24	18	0.08
24	19	0.08
24	20	0.08
24	21	0.08
24	22	0.08
24	23	0.08
24	24	0.08
25	0	0.08
25	1	0.08
25	2	0.08
25	3	0.08
25	4	0.08
25	5	0.08
25	6	0.08
25	7	0.08
25	8	0.08
25	9	0.08
25	10	0.08
25	11	0.08
25	12	0.08
25	13	0.08
25	14	0.08
25	15	0.08
25	16	0.08
25	17	0.08
25	18	0.08
25	19	0.08
25	20	0.08
25	21	0.08
25	22	0.08
25	23	0.08
25	24	0.08
25	25	0.08
26	0	0.08
26	1	0.08
26	2	0.08
26	3	0.08
26	4	0.08
26	5	0.08
26	6	0.08
26	7	0.08
26	8	0.08
26	9	0.08
26	10	0.08
26	11	0.08
26	12	0.08
26	13	0.08
26	14	0.08
26	15	0.08
26	16	0.08
26	17	0.08
26	18	0.08
26	19	0.08
26	20	0.08
26	21	0.08
26	22	0.08
26	23	0.08
26	24	0.08
26	25	0.08
26	26	0.08
27	0	0.08
27	1	0.08
27	2	0.08
27	3	0.08
27	4	0.08
27	5	0.08
27	6	0.08
27	7	0.08
27	8	0.08
27	9	0.08
27	10	0.08
27	11	0.08
27	12	0.08
27	13	0.08
27	14	0.08
27	15	0.08
27	16	0.08
27	17	0.08
27	18	0.08
27	19	0.08
27	20	0.08
27	21	0.08
27	22	0.08
27	23	0.08
27	24	0.08
27	25	0.08
27	26	0.08
27	27	0.08
28	0	0.08
28	1	0.08
28	2	0.08
28	3	0.08
28	4	0.08
28	5	0.08
28	6	0.08
28	7	0.08
28	8	0.08
28	9	0.08
28	10	0.08
28	11	0.08
28	12	0.08
28	13	0.08
28	14	0.08
28	15	0.08
28	16	0.08
28	17	0.08
28	18	0.08
28	19	0.08
28	20	0.08
28	21	0.08
28	22	0.08
28	23	0.08
28	24	0.08
28	25	0.08
28	26	0.08
28	27	0.08
28	28	0.08
29	0	0.08
29	1	0.08
29	2	0.08
29	3	0.08
29	4	0.08
29	5	0.08
29	6	0.08
29	7	0.07
29	8	0.08
29	9	0.08
29	10	0.08
29	11	0.08
29	12	0.08
29	13	0.08
29	14	0.08
29	15	0.08
29	16	0.08
29	17	0.08
29	18	0.08
29	19	0.08
29	20	0.08
29	21	0.08
29	22	0.08
29	23	0.08
29	24	0.08
29	25	0.08
29	26	0.08
29	27	0.08
29	28	0.08
29	29	0.08
30	0	0.08
30	1	0.08
30	2	0.08
30	3	0.08
30	4	0.08
30	5	0.08
30	6	0.08
30	7	0.08
30	8	0.08
30	9	0.08
30	10	0.08
30	11	0.08
30	12	0.08
30	13	0.08
30	14	0.08
30	15	0.08
30	16	0.08
30	17	0.08
30	18	0.08
30	19	0.08
30	20	0.08
30	21	0.08
30	22	0.08
30	23	0.08
30	24	0.08
30	25	0.08
30	26	0.08
30	27	0.08
30	28	0.08
30	29	0.08
30	30	0.08
31	0	0.08
31	1	0.08
31	2	0.08
31	3	0.08
31	4	0.08
31	5	0.08
31	6	0.08
31	7	0.08
31	8	0.08
31	9	0.08
31	10	0.08
31	11	0.08
31	12	0.08
31	13	0.08
31	14	0.08
31	15	0.08
31	16	0.08
31	17	0.08
31	18	0.08
31	19	0.08
31	20	0.08
31	21	0.08
31	22	0.08
31	23	0.08
31	24	0.08
31	25	0.08
31	26	0.08
31	27	0.08
31	28	0.08
31	29	0.08
31	30	0.08
31	31	0.08
32	0	0.08
32	1	0.08
32	2	0.08
32	3	0.08
32	4	0.08
32	5	0.08
32	6	0.08
32	7	0.08
32	8	0.08
32	9	0.08
32	10	0.08
32	11	0.08
32	12	0.08
32	13	0.08
32	14	0.08
32	15	0.08
32	16	0.08
32	17	0.08
32	18	0.08
32	19	0.08
32	20	0.08
32	21	0.08
32	22	0.08
32	23	0.08
32	24	0.08
32	25	0.08
32	26	0.08
32	27	0.08
32	28	0.08
32	29	0.08
32	30	0.08
32	31	0.08
32	32	0.08
33	0	0.08
33	1	0.08
33	2	0.08
33	3	0.08
33	4	0.08
33	5	0.08
33	6	0.08
33	7	0.08
33	8	0.08
33	9	0.08
33	10	0.08
33	11	0.08
33	12	0.08
33	13	0.08
33	14	0.08
33	15	0.08
33	16	0.08
33	17	0.08
33	18	0.08
33	19	0.08
33	20	0.08
33	21	0.08
33	22	0.08
33	23	0.08
33	24	0.08
33	25	0.08
33	26	0.08
33	27	0.08
33	28	0.08
33	29	0.08
33	30	0.08
33	31	0.08
33	32	0.08
33	33	0.08
34	0	0.08
34	1	0.08
34	2	0.08
34	3	0.08
34	4	0.08
34	5	0.08
34	6	0.08
34	7	0.08
34	8	0.08
34	9	0.08
34	10	0.08
34	11	0.08
34	12	0.08
34	13	0.08
34	14	0.08
34	15	0.08
34	16	0.08
34	17	0.08
34	18	0.08
34	19	0.08
34	20	0.08
34	21	0.08
34	22	0.08
34	23	0.08
34	24	0.08
34	25	0.08
34	26	0.08
34	27	0.08
34	28	0.08
34	29	0.08
34	30	0.08
34	31	0.08
34	32	0.08
34	33	0.08
34	34	0.08
35	0	0.08
35	1	0.08
35	2	0.08
35	3	0.08
35	4	0.08
35	5	0.08
35	6	0.08
35	7	0.08
35	8	0.08
35	9	0.08
35	10	0.08
35	11	0.08
35	12	0.08
35	13	0.08
35	14	0.08
35	15	0.08
35	16	0.08
35	17	0.08
35	18	0.08
35	19	0.08
35	20	0.08
35	21	0.08
35	22	0.08
35	23	0.08
35	24	0.08
35	25	0.08
35	26	0.08
35	27	0.08
35	28	0.08
35	29	0.08
35	30	0.08
35	31	0.08
35	32	0.08
35	33	0.08
35	34	0.08
35	35	0.08
36	0	0.08
36	1	0.08
36	2	0.08
36	3	0.08
36	4	0.08
36	5	0.08
36	6	0.08
36	7	0.08
36	8	0.08
36	9	0.08
36	10	0.08
36	11	0.08
36	12	0.08
36	13	0.08
36	14	0.08
36	15	0.08
36	16	0.08
36	17	0.08
36	18	0.08
36	19	0.08
36	20	0.08
36	21	0.08
36	22	0.08
36	23	0.08
36	24	0.08
36	25	0.08
36	26	0.08
36	27	0.08
36	28	0.08
36	29	0.08
36	30	0.08
36	31	0.08
36	32	0.08
36	33	0.08
36	34	0.08
36	35	0.08
36	36	0.08
37	0	0.08
37	1	0.08
37	2	0.08
37	3	0.08
37	4	0.08
37	5	0.08
37	6	0.08
37	7	0.08
37	8	0.08
37	9	0.08
37	10	0.08
37	11	0.08
37	12	0.08
37	13	0.08
37	14	0.08
37	15	0.08
37	16	0.08
37	17	0.08
37	18	0.08
37	19	0.08
37	20	0.08
37	21	0.08
37	22	0.08
37	23	0.08
37	24	0.08
37	25	0.08
37	26	0.08
37	27	0.08
37	28	0.08
37	29	0.08
37	30	0.08
37	31	0.08
37	32	0.08
37	33	0.08
37	34	0.08
37	35	0.08
37	36	0.08
37	37	0.08
38	0	0.08
38	1	0.08
38	2	0.08
38	3	0.08
38	4	0.08
38	5	0.08
38	6	0.08
38	7	0.08
38	8	0.08
38	9	0.08
38	10	0.08
38	11	0.08
38	12	0.08
38	13	0.07
38	14	0.08
38	15	0.08
38	16	0.08
38	17	0.08
38	18	0.08
38	19	0.08
38	20	0.08
38	21	0.08
38	22	0.08
38	23	0.08
38	24	0.08
38	25	0.08
38	26	0.08
38	27	0.08
38	28	0.08
38	29	0.08
38	30	0.08
38	31	0.08
38	32	0.08
38	33	0.08
38	34	0.08
38	35	0.08
38	36	0.08
38	37	0.08
38	38	0.08
39	0	0.08
39	1	0.08
39	2	0.08
39	3	0.08
39	4	0.08
39	5	0.08
39	6	0.08
39	7	0.08
39	8	0.08
39	9	0.08
39	10	0.08
39	11	0.08
39	12	0.08
39	13	0.08
39	14	0.08
39	15	0.08
39	16	0.08
39	17	0.08
39	18	0.08
39	19	0.08
39	20	0.08
39	21	0.08
39	22	0.08
39	23	0.08
39	24	0.08
39	25	0.08
39	26	0.08
39	27	0.08
39	28	0.08
39	29	0.08
39	30	0.08
39	31	0.08
39	32	0.08
39	33	0.08
39	34	0.08
39	35	0.08
39	36	0.08
39	37	0.08
39	38	0.08
39	39	0.08
40	0	0.08
40	1	0.08
40	2	0.08
40	3	0.08
40	4	0.08
40	5	0.08
40	6	0.08
40	7	0.08
40	8	0.08
40	9	0.08
40	10	0.08
40	11	0.08
40	12	0.08
40	13	0.08
40	14	0.08
40	15	0.08
40	16	0.08
40	17	0.08
40	18	0.08
40	19	0.08
40	20	0.08
40	21	0.08
40	22	0.08
40	23	0.08
40	24	0.08
40	25	0.08
40	26	0.08
40	27	0.08
40	28	0.08
40	29	0.08
40	30	0.08
40	31	0.08
40	32	0.08
40	33	0.08
40	34	0.08
40	35	0.08
40	36	0.08
40	37	0.08
40	38	0.08
40	39	0.08
40	40	0.08
41	0	0.08
41	1	0.08
41	2	0.08
41	3	0.08
41	4	0.08
41	5	0.08
41	6	0.08
41	7	0.08
41	8	0.08
41	9	0.08
41	10	0.08
41	11	0.08
41	12	0.08
41	13	0.08
41	14	0.08
41	15	0.08
41	16	0.08
41	17	0.08
41	18	0.08
41	19	0.08
41	20	0.08
41	21	0.08
41	22	0.08
41	23	0.08
41	24	0.08
41	25	0.08
41	26	0.08
41	27	0.08
41	28	0.08
41	29	0.08
41	30	0.08
41	31	0.08
41	32	0.08
41	33	0.08
41	34	0.08
41	35	0.08
41	36	0.08
41	37	0.08
41	38	0.08
41	39	0.08
41	40	0.08
41	41	0.08
42	0	0.08
42	1	0.08
42	2	0.08
42	3	0.08
42	4	0.08
42	5	0.08
42	6	0.08
42	7	0.08
42	8	0.08
42	9	0.08
42	10	0.08
42	11	0.08
42	12	0.08
42	13	0.08
42	14	0.08
42	15	0.08
42	16	0.08
42	17	0.08
42	18	0.08
42	19	0.08
42	20	0.08
42	21	0.08
42	22	0.08
42	23	0.08
42	24	0.08
42	25	0.08
42	26	0.08
42	27	0.08
42	28	0.08
42	29	0.08
42	30	0.08
42	31	0.08
42	32	0.08
42	33	0.08
42	34	0.08
42	35	0.08
42	36	0.08
42	37	0.08
42	38	0.08
42	39	0.08
42	40	0.08
42	41	0.08
42	42	0.08
43	0	0.08
43	1	0.08
43	2	0.08
43	3	0.08
43	4	0.08
43	5	0.08
43	6	0.08
43	7	0.08
43	8	0.08
43	9	0.08
43	10	0.08
43	11	0.08
43	12	0.08
43	13	0.08
43	14	0.08
43	15	0.08
43	16	0.08
43	17	0.08
43	18	0.08
43	19	0.08
43	20	0.08
43	21	0.08
43	22	0.08
43	23	0.08
43	24	0.08
43	25	0.08
43	26	0.08
43	27	0.08
43	28	0.08
43	29	0.08
43	30	0.08
43	31	0.08
43	32	0.08
43	33	0.08
43	34	0.08
43	35	0.08
43	36	0.08
43	37	0.08
43	38	0.08
43	39	0.08
43	40	0.08
43	41	0.08
43	42	0.08
43	43	0.08
44	0	0.08
44	1	0.08
44	2	0.08
44	3	0.08
44	4	0.08
44	5	0.08
44	6	0.08
44	7	0.08
44	8	0.08
44	9	0.08
44	10	0.08
44	11	0.08
44	12	0.08
44	13	0.08
44	14	0.08
44	15	0.08
44	16	0.08
44	17	0.08
44	18	0.08
44	19	0.08
44	20	0.08
44	21	0.08
44	22	0.08
44	23	0.08
44	24	0.08
44	25	0.08
44	26	0.08
44	27	0.08
44	28	0.08
44	29	0.08
44	30	0.08
44	31	0.08
44	32	0.08
44	33	0.08
44	34	0.08
44	35	0.08
44	36	0.08
44	37	0.08
44	38	0.08
44	39	0.08
44	40	0.08
44	41	0.08
44	42	0.08
44	43	0.08
44	44	0.08
45	0	0.08
45	1	0.08
45	2	0.08
45	3	0.08
45	4	0.08
45	5	0.08
45	6	0.08
45	7	0.08
45	8	0.08
45	9	0.08
45	10	0.08
45	11	0.08
45	12	0.08
45	13	0.08
45	14	0.08
45	15	0.08
45	16	0.08
45	17	0.08
45	18	0.08
45	19	0.08
45	20	0.08
45	21	0.08
45	22	0.08
45	23	0.08
45	24	0.08
45	25	0.08
45	26	0.08
45	27	0.08
45	28	0.08
45	29	0.08
45	30	0.08
45	31	0.08
45	32	0.08
45	33	0.08
45	34	0.08
45	35	0.08
45	36	0.08
45	37	0.08
45	38	0.08
45	39	0.08
45	40	0.08
45	41	0.08
45	42	0.08
45	43	0.08
45	44	0.08
45	45	0.08
46	0	0.08
46	1	0.08
46	2	0.08
46	3	0.08
46	4	0.08
46	5	0.08
46	6	0.08
46	7	0.08
46	8	0.08
46	9	0.08
46	10	0.08
46	11	0.08
46	12	0.08
46	13	0.08
46	14	0.08
46	15	0.08
46	16	0.08
46	17	0.08
46	18	0.08
46	19	0.08
46	20	0.08
46	21	0.08
46	22	0.08
46	23	0.08
46	24	0.08
46	25	0.08
46	26	0.08
46	27	0.08
46	28	0.08
46	29	0.08
46	30	0.08
46	31	0.08
46	32	0.08
46	33	0.08
46	34	0.08
46	35	0.08
46	36	0.08
46	37	0.08
46	38	0.08
46	39	0.08
46	40	0.08
46	41	0.08
46	42	0.08
46	43	0.08
46	44	0.08
46	45	0.08
46	46	0.08
47	0	0.08
47	1	0.08
47	2	0.08
47	3	0.08
47	4	0.08
47	5	0.08
47	6	0.08
47	7	0.08
47	8	0.08
47	9	0.08
47	10	0.08
47	11	0.08
47	12	0.08
47	13	0.08
47	14	0.08
47	15	0.08
47	16	0.08
47	17	0.08
47	18	0.08
47	19	0.08
47	20	0.08
47	21	0.08
47	22	0.08
47	23	0.08
47	24	0.08
47	25	0.08
47	26	0.08
47	27	0.08
47	28	0.08
47	29	0.08
47	30	0.08
47	31	0.08
47	32	0.08
47	33	0.08
47	34	0.08
47	35	0.08
47	36	0.08
47	37	0.08
47	38	0.08
47	39	0.08
47	40	0.08
47	41	0.08
47	42	0.08
47	43	0.08
47	44	0.08
47	45	0.08
47	46	0.08
47	47	0.08
48	0	0.08
48	1	0.08
48	2	0.08
48	3	0.08
48	4	0.08
48	5	0.08
48	6	0.08
48	7	0.08
48	8	0.08
48	9	0.08
48	10	0.08
48	11	0.08
48	12	0.08
48	13	0.08
48	14	0.08
48	15	0.08
48	16	0.08
48	17	0.08
48	18	0.08
48	19	0.08
48	20	0.08
48	21	0.08
48	22	0.08
48	23	0.08
48	24	0.08
48	25	0.08
48	26	0.08
48	27	0.08
48	28	0.08
48	29	0.08
48	30	0.08
48	31	0.08
48	32	0.08
48	33	0.08
48	34	0.08
48	35	0.08
48	36	0.08
48	37	0.08
48	38	0.08
48	39	0.08
48	40	0.08
48	41	0.08
48	42	0.08
48	43	0.08
48	44	0.08
48	45	0.08
48	46	0.08
48	47	0.08
48	48	0.08
49	0	0.08
49	1	0.08
49	2	0.08
49	3	0.08
49	4	0.08
49	5	0.08
49	6	0.08
49	7	0.08
49	8	0.08
49	9	0.08
49	10	0.08
49	11	0.08
49	12	0.08
49	13	0.08
49	14	0.08
49	15	0.08
49	16	0.08
49	17	0.08
49	18	0.08
49	19	0.08
49	20	0.08
49	21	0.08
49	22	0.08
49	23	0.08
49	24	0.08
49	25	0.08
49	26	0.08
49	27	0.08
49	28	0.08
49	29	0.08
49	30	0.08
49	31	0.08
49	32	0.08
49	33	0.08
49	34	0.08
49	35	0.08
49	36	0.08
49	37	0.08
49	38	0.08
49	39	0.08
49	40	0.08
49	41	0.08
49	42	0.08
49	43	0.08
49	44	0.08
49	45	0.08
49	46	0.08
49	47	0.08
49	48	0.08
49	49	0.08
50	0	0.08
50	1	0.08
50	2	0.08
50	3	0.08
50	4	0.08
50	5	0.08
50	6	0.08
50	7	0.08
50	8	0.08
50	9	0.08
50	10	0.08
50	11	0.08
50	12	0.08
50	13	0.08
50	14	0.08
50	15	0.08
50	16	0.08
50	17	0.08
50	18	0.08
50	19	0.08
50	20	0.08
50	21	0.08
50	22	0.08
50	23	0.08
50	24	0.08
50	25	0.08
50	26	0.08
50	27	0.08
50	28	0.08
50	29	0.08
50	30	0.08
50	31	0.08
50	32	0.08
50	33	0.08
50	34	0.08
50	35	0.08
50	36	0.08
50	37	0.08
50	38	0.08
50	39	0.08
50	40	0.08
50	41	0.08
50	42	0.08
50	43	0.08
50	44	0.08
50	45	0.08
50	46	0.08
50	47	0.08
50	48	0.08
50	49	0.08
50	50	0.08
51	0	0.08
51	1	0.08
51	2	0.08
51	3	0.08
51	4	0.08
51	5	0.08
51	6	0.08
51	7	0.08
51	8	0.08
51	9	0.08
51	10	0.08
51	11	0.08
51	12	0.08
51	13	0.08
51	14	0.08
51	15	0.08
51	16	0.08
51	17	0.08
51	18	0.08
51	19	0.08
51	20	0.08
51	21	0.08
51	22	0.08
51	23	0.08
51	24	0.08
51	25	0.08
51	26	0.08
51	27	0.08
51	28	0.08
51	29	0.08
51	30	0.08
51	31	0.08
51	32	0.08
51	33	0.08
51	34	0.08
51	35	0.08
51	36	0.08
51	37	0.08
51	38	0.08
51	39	0.08
51	40	0.08
51	41	0.08
51	42	0.08
51	43	0.08
51	44	0.08
51	45	0.08
51	46	0.08
51	47	0.08
51	48	0.08
51	49	0.08
51	50	0.08
51	51	0.08
52	0	0.08
52	1	0.08
52	2	0.08
52	3	0.08
52	4	0.08
52	5	0.08
52	6	0.08
52	7	0.08
52	8	0.08
52	9	0.08
52	10	0.08
52	11	0.08
52	12	0.08
52	13	0.08
52	14	0.08
52	15	0.08
52	16	0.08
52	17	0.08
52	18	0.08
52	19	0.08
52	20	0.08
52	21	0.08
52	22	0.08
52	23	0.08
52	24	0.08
52	25	0.08
52	26	0.08
52	27	0.08
52	28	0.08
52	29	0.08
52	30	0.08
52	31	0.08
52	32	0.08
52	33	0.08
52	34	0.08
52	35	0.08
52	36	0.08
52	37	0.08
52	38	0.08
52	39	0.08
52	40	0.08
52	41	0.08
52	42	0.08
52	43	0.08
52	44	0.08
52	45	0.08
52	46	0.08
52	47	0.08
52	48	0.08
52	49	0.08
52	50	0.08
52	51	0.08
52	52	0.08
53	0	0.08
53	1	0.08
53	2	0.08
53	3	0.08
53	4	0.08
53	5	0.08
53	6	0.08
53	7	0.08
53	8	0.08
53	9	0.08
53	10	0.08
53	11	0.08
53	12	0.08
53	13	0.08
53	14	0.08
53	15	0.08
53	16	0.08
53	17	0.08
53	18	0.08
53	19	0.08
53	20	0.08
53	21	0.08
53	22	0.08
53	23	0.08
53	24	0.08
53	25	0.08
53	26	0.08
53	27	0.08
53	28	0.08
53	29	0.08
53	30	0.08
53	31	0.08
53	32	0.08
53	33	0.08
53	34	0.08
53	35	0.08
53	36	0.08
53	37	0.08
53	38	0.08
53	39	0.08
53	40	0.08
53	41	0.08
53	42	0.08
53	43	0.08
53	44	0.08
53	45	0.08
53	46	0.08
53	47	0.08
53	48	0.08
53	49	0.08
53	50	0.08
53	51	0.08
53	52	0.08
53	53	0.08
54	0	0.08
54	1	0.08
54	2	0.08
54	3	0.08
54	4	0.08
54	5	0.08
54	6	0.08
54	7	0.08
54	8	0.08
54	9	0.08
54	10	0.08
54	11	0.08
54	12	0.08
54	13	0.08
54	14	0.08
54	15	0.08
54	16	0.08
54	17	0.08
54	18	0.08
54	19	0.08
54	20	0.08
54	21	0.08
54	22	0.08
54	23	0.08
54	24	0.08
54	25	0.08
54	26	0.08
54	27	0.08
54	28	0.08
54	29	0.08
54	30	0.08
54	31	0.08
54	32	0.08
54	33	0.08
54	34	0.08
54	35	0.08
54	36	0.08
54	37	0.08
54	38	0.08
54	39	0.08
54	40	0.08
54	41	0.08
54	42	0.08
54	43	0.08
54	44	0.08
54	45	0.08
54	46	0.08
54	47	0.08
54	48	0.08
54	49	0.08
54	50	0.08
54	51	0.08
54	52	0.08
54	53	0.08
54	54	0.08
55	0	0.08
55	1	0.08
55	2	0.08
55	3	0.08
55	4	0.08
55	5	0.08
55	6	0.08
55	7	0.08
55	8	0.08
55	9	0.08
55	10	0.08
55	11	0.08
55	12	0.08
55	13	0.08
55	14	0.08
55	15	0.08
55	16	0.08
55	17	0.08
55	18	0.08
55	19	0.08
55	20	0.08
55	21	0.08
55	22	0.08
55	23	0.08
55	24	0.08
55	25	0.08
55	26	0.08
55	27	0.08
55	28	0.08
55	29	0.08
55	30	0.08
55	31	0.08
55	32	0.08
55	33	0.08
55	34	0.08
55	35	0.08
55	36	0.08
55	37	0.08
55	38	0.08
55	39	0.08
55	40	0.08
55	41	0.08
55	42	0.08
55	43	0.08
55	44	0.08
55	45	0.08
55	46	0.08
55	47	0.08
55	48	0.08
55	49	0.08
55	50	0.08
55	51	0.08
55	52	0.08
55	53	0.08
55	54	0.08
55	55	0.08
56	0	0.08
56	1	0.08
56	2	0.08
56	3	0.08
56	4	0.08
56	5	0.08
56	6	0.08
56	7	0.08
56	8	0.08
56	9	0.08
56	10	0.08
56	11	0.08
56	12	0.08
56	13	0.08
56	14	0.08
56	15	0.08
56	16	0.08
56	17	0.08
56	18	0.08
56	19	0.08
56	20	0.08
56	21	0.08
56	22	0.08
56	23	0.08
56	24	0.08
56	25	0.08
56	26	0.08
56	27	0.08
56	28	0.08
56	29	0.08
56	30	0.08
56	31	0.08
56	32	0.08
56	33	0.08
56	34	0.08
56	35	0.08
56	36	0.08
56	37	0.08
56	38	0.08
56	39	0.08
56	40	0.08
56	41	0.08
56	42	0.08
56	43	0.08
56	44	0.08
56	45	0.08
56	46	0.08
56	47	0.08
56	48	0.07
56	49	0.08
56	50	0.08
56	51	0.08
56	52	0.08
56	53	0.08
56	54	0.08
56	55	0.08
56	56	0.08
57	0	0.08
57	1	0.08
57	2	0.08
57	3	0.08
57	4	0.08
57	5	0.08
57	6	0.08
57	7	0.08
57	8	0.08
57	9	0.08
57	10	0.08
57	11	0.08
57	12	0.08
57	13	0.08
57	14	0.08
57	15	0.08
57	16	0.08
57	17	0.08
57	18	0.08
57	19	0.08
57	20	0.08
57	21	0.08
57	22	0.08
57	23	0.08
57	24	0.08
57	25	0.08
57	26	0.08
57	27	0.08
57	28	0.08
57	29	0.08
57	30	0.08
57	31	0.08
57	32	0.08
57	33	0.08
57	34	0.08
57	35	0.08
57	36	0.08
57	37	0.08
57	38	0.08
57	39	0.08
57	40	0.08
57	41	0.08
57	42	0.08
57	43	0.08
57	44	0.08
57	45	0.08
57	46	0.08
57	47	0.08
57	48	0.08
57	49	0.08
57	50	0.08
57	51	0.08
57	52	0.08
57	53	0.08
57	54	0.08
57	55	0.08
57	56	0.08
57	57	0.08
58	0	0.08
58	1	0.08
58	2	0.08
58	3	0.08
58	4	0.08
58	5	0.08
58	6	0.08
58	7	0.08
58	8	0.08
58	9	0.08
58	10	0.08
58	11	0.08
58	12	0.08
58	13	0.08
58	14	0.08
58	15	0.08
58	16	0.08
58	17	0.08
58	18	0.08
58	19	0.08
58	20	0.08
58	21	0.08
58	22	0.08
58	23	0.08
58	24	0.08
58	25	0.08
58	26	0.08
58	27	0.08
58	28	0.08
58	29	0.08
58	30	0.08
58	31	0.08
58	32	0.08
58	33	0.08
58	34	0.08
58	35	0.08
58	36	0.08
58	37	0.08
58	38	0.08
58	39	0.08
58	40	0.08
58	41	0.08
58	42	0.08
58	43	0.08
58	44	0.08
58	45	0.08
58	46	0.08
58	47	0.08
58	48	0.08
58	49	0.08
58	50	0.08
58	51	0.08
58	52	0.08
58	53	0.08
58	54	0.08
58	55	0.08
58	56	0.08
58	57	0.08
58	58	0.08
59	0	0.08
59	1	0.08
59	2	0.08
59	3	0.08
59	4	0.08
59	5	0.08
59	6	0.08
59	7	0.08
59	8	0.08
59	9	0.08
59	10	0.08
59	11	0.08
59	12	0.08
59	13	0.08
59	14	0.08
59	15	0.08
59	16	0.08
59	17	0.08
59	18	0.08
59	19	0.08
59	20	0.08
59	21	0.08
59	22	0.08
59	23	0.08
59	24	0.08
59	25	0.08
59	26	0.08
59	27	0.08
59	28	0.08
59	29	0.08
59	30	0.08
59	31	0.08
59	32	0.08
59	33	0.08
59	34	0.08
59	35	0.08
59	36	0.08
59	37	0.08
59	38	0.08
59	39	0.08
59	40	0.08
59	41	0.08
59	42	0.08
59	43	0.08
59	44	0.08
59	45	0.08
59	46	0.08
59	47	0.08
59	48	0.08
59	49	0.08
59	50	0.08
59	51	0.08
59	52	0.08
59	53	0.08
59	54	0.08
59	55	0.08
59	56	0.08
59	57	0.08
59	58	0.08
59	59	0.08
60	0	0.08
60	1	0.08
60	2	0.08
60	3	0.08
60	4	0.08
60	5	0.08
60	6	0.08
60	7	0.08
60	8	0.08
60	9	0.08
60	10	0.08
60	11	0.08
60	12	0.08
60	13	0.08
60	14	0.08
60	15	0.08
60	16	0.08
60	17	0.08
60	18	0.08
60	19	0.08
60	20	0.08
60	21	0.08
60	22	0.08
60	23	0.08
60	24	0.08
60	25	0.08
60	26	0.08
60	27	0.08
60	28	0.08
60	29	0.08
60	30	0.08
60	31	0.08
60	32	0.08
60	33	0.08
60	34	0.08
60	35	0.08
60	36	0.08
60	37	0.08
60	38	0.08
60	39	0.08
60	40	0.08
60	41	0.08
60	42	0.08
60	43	0.08
60	44	0.08
60	45	0.08
60	46	0.08
60	47	0.08
60	48	0.08
60	49	0.08
60	50	0.08
60	51	0.08
60	52	0.08
60	53	0.08
60	54	0.08
60	55	0.08
60	56	0.08
60	57	0.08
60	58	0.08
60	59	0.08
60	60	0.08
61	0	0.08
61	1	0.08
61	2	0.08
61	3	0.08
61	4	0.08
61	5	0.08
61	6	0.08
61	7	0.08
61	8	0.08
61	9	0.08
61	10	0.08
61	11	0.08
61	12	0.08
61	13	0.08
61	14	0.08
61	15	0.08
61	16	0.08
61	17	0.08
61	18	0.08
61	19	0.08
61	20	0.08
61	21	0.08
61	22	0.08
61	23	0.08
61	24	0.08
61	25	0.08
61	26	0.08
61	27	0.08
61	28	0.08
61	29	0.08
61	30	0.08
61	31	0.08
61	32	0.08
61	33	0.08
61	34	0.08
61	35	0.08
61	36	0.08
61	37	0.08
61	38	0.08
61	39	0.08
61	40	0.08
61	41	0.08
61	42	0.08
61	43	0.08
61	44	0.08
61	45	0.08
61	46	0.08
61	47	0.08
61	48	0.08
61	49	0.08
61	50	0.08
61	51	0.08
61	52	0.08
61	53	0.08
61	54	0.08
61	55	0.08
61	56	0.08
61	57	0.08
61	58	0.08
61	59	0.08
61	60	0.08
61	61	0.08
62	0	0.08
62	1	0.08
62	2	0.08
62	3	0.08
62	4	0.08
62	5	0.08
62	6	0.08
62	7	0.08
62	8	0.08
62	9	0.08
62	10	0.08
62	11	0.08
62	12	0.08
62	13	0.08
62	14	0.08
62	15	0.08
62	16	0.08
62	17	0.08
62	18	0.08
62	19	0.08
62	20	0.08
62	21	0.08
62	22	0.08
62	23	0.08
62	24	0.08
62	25	0.08
62	26	0.08
62	27	0.08
62	28	0.08
62	29	0.08
62	30	0.08
62	31	0.08
62	32	0.08
62	33	0.08
62	34	0.08
62	35	0.08
62	36	0.08
62	37	0.08
62	38	0.08
62	39	0.08
62	40	0.08
62	41	0.08
62	42	0.08
62	43	0.08
62	44	0.08
62	45	0.08
62	46	0.08
62	47	0.08
62	48	0.08
62	49	0.08
62	50	0.08
62	51	0.08
62	52	0.08
62	53	0.08
62	54	0.08
62	55	0.08
62	56	0.08
62	57	0.08
62	58	0.08
62	59	0.08
62	60	0.08
62	61	0.08
62	62	0.08
63	0	0.08
63	1	0.08
63	2	0.08
63	3	0.08
63	4	0.08
63	5	0.08
63	6	0.08
63	7	0.08
63	8	0.08
63	9	0.08
63	10	0.08
63	11	0.08
63	12	0.08
63	13	0.08
63	14	0.08
63	15	0.08
63	16	0.08
63	17	0.08
63	18	0.08
63	19	0.08
63	20	0.08
63	21	0.08
63	22	0.08
63	23	0.08
63	24	0.08
63	25	0.08
63	26	0.08
63	27	0.08
63	28	0.08
63	29	0.08
63	30	0.08
63	31	0.08
63	32	0.08
63	33	0.08
63	34	0.08
63	35	0.08
63	36	0.08
63	37	0.08
63	38	0.08
63	39	0.08
63	40	0.08
63	41	0.08
63	42	0.08
63	43	0.08
63	44	0.08
63	45	0.08
63	46	0.08
63	47	0.08
63	48	0.08
63	49	0.08
63	50	0.08
63	51	0.08
63	52	0.08
63	53	0.08
63	54	0.08
63	55	0.08
63	56	0.08
63	57	0.08
63	58	0.08
63	59	0.08
63	60	0.08
63	61	0.08
63	62	0.08
63	63	0.08
64	0	0.08
64	1	0.08
64	2	0.08
64	3	0.08
64	4	0.08
64	5	0.08
64	6	0.08
64	7	0.08
64	8	0.08
64	9	0.08
64	10	0.08
64	11	0.08
64	12	0.08
64	13	0.08
64	14	0.08
64	15	0.08
64	16	0.08
64	17	0.08
64	18	0.08
64	19	0.08
64	20	0.08
64	21	0.08
64	22	0.08
64	23	0.08
64	24	0.08
64	25	0.08
64	26	0.08
64	27	0.08
64	28	0.08
64	29	0.08
64	30	0.08
64	31	0.08
64	32	0.08
64	33	0.08
64	34	0.08
64	35	0.08
64	36	0.08
64	37	0.08
64	38	0.08
64	39	0.08
64	40	0.08
64	41	0.08
64	42	0.08
64	43	0.08
64	44	0.08
64	45	0.08
64	46	0.08
64	47	0.08
64	48	0.08
64	49	0.08
64	50	0.08
64	51	0.08
64	52	0.08
64	53	0.08
64	54	0.08
64	55	0.08
64	56	0.08
64	57	0.08
64	58	0.08
64	59	0.08
64	60	0.08
64	61	0.08
64	62	0.08
64	63	0.08
64	64	0.08
65	0	0.08
65	1	0.08
65	2	0.08
65	3	0.08
65	4	0.08
65	5	0.08
65	6	0.08
65	7	0.08
65	8	0.08
65	9	0.08
65	10	0.08
65	11	0.08
65	12	0.08
65	13	0.08
65	14	0.08
65	15	0.08
65	16	0.08
65	17	0.08
65	18	0.08
65	19	0.08
65	20	0.08
65	21	0.08
65	22	0.08
65	23	0.08
65	24	0.08
65	25	0.08
65	26	0.08
65	27	0.08
65	28	0.08
65	29	0.08
65	30	0.08
65	31	0.08
65	32	0.08
65	33	0.08
65	34	0.08
65	35	0.08
65	36	0.08
65	37	0.08
65	38	0.08
65	39	0.08
65	40	0.08
65	41	0.08
65	42	0.08
65	43	0.08
65	44	0.08
65	45	0.08
65	46	0.08
65	47	0.08
65	48	0.08
65	49	0.08
65	50	0.08
65	51	0.08
65	52	0.08
65	53	0.08
65	54	0.08
65	55	0.08
65	56	0.08
65	57	0.08
65	58	0.08
65	59	0.08
65	60	0.08
65	61	0.08
65	62	0.08
65	63	0.08
65	64	0.08
65	65	0.08
66	0	0.08
66	1	0.08
66	2	0.08
66	3	0.08
66	4	0.08
66	5	0.08
66	6	0.08
66	7	0.08
66	8	0.08
66	9	0.08
66	10	0.08
66	11	0.08
66	12	0.08
66	13	0.08
66	14	0.08
66	15	0.08
66	16	0.08
66	17	0.08
66	18	0.08
66	19	0.08
66	20	0.08
66	21	0.08
66	22	0.08
66	23	0.08
66	24	0.08
66	25	0.08
66	26	0.08
66	27	0.08
66	28	0.08
66	29	0.08
66	30	0.08
66	31	0.08
66	32	0.08
66	33	0.08
66	34	0.08
66	35	0.08
66	36	0.08
66	37	0.08
66	38	0.08
66	39	0.08
66	40	0.08
66	41	0.08
66	42	0.08
66	43	0.08
66	44	0.08
66	45	0.08
66	46	0.08
66	47	0.08
66	48	0.08
66	49	0.08
66	50	0.08
66	51	0.08
66	52	0.08
66	53	0.08
66	54	0.08
66	55	0.08
66	56	0.08
66	57	0.08
66	58	0.08
66	59	0.08
66	60	0.08
66	61	0.08
66	62	0.08
66	63	0.08
66	64	0.08
66	65	0.08
66	66	0.08
67	0	0.08
67	1	0.08
67	2	0.08
67	3	0.08
67	4	0.08
67	5	0.08
67	6	0.08
67	7	0.08
67	8	0.08
67	9	0.08
67	10	0.08
67	11	0.08
67	12	0.08
67	13	0.08
67	14	0.08
67	15	0.08
67	16	0.08
67	17	0.08
67	18	0.08
67	19	0.08
67	20	0.08
67	21	0.08
67	22	0.08
67	23	0.08
67	24	0.08
67	25	0.08
67	26	0.08
67	27	0.08
67	28	0.08
67	29	0.08
67	30	0.08
67	31	0.08
67	32	0.08
67	33	0.08
67	34	0.08
67	35	0.08
67	36	0.08
67	37	0.08
67	38	0.08
67	39	0.08
67	40	0.08
67	41	0.08
67	42	0.08
67	43	0.08
67	44	0.08
67	45	0.08
67	46	0.08
67	47	0.08
67	48	0.08
67	49	0.08
67	50	0.08
67	51	0.08
67	52	0.08
67	53	0.08
67	54	0.08
67	55	0.08
67	56	0.08
67	57	0.08
67	58	0.08
67	59	0.08
67	60	0.08
67	61	0.08
67	62	0.08
67	63	0.08
67	64	0.08
67	65	0.08
67	66	0.08
67	67	0.08
68	0	0.08
68	1	0.08
68	2	0.08
68	3	0.08
68	4	0.08
68	5	0.08
68	6	0.08
68	7	0.08
68	8	0.08
68	9	0.08
68	10	0.08
68	11	0.08
68	12	0.08
68	13	0.08
68	14	0.08
68	15	0.08
68	16	0.08
68	17	0.08
68	18	0.08
68	19	0.08
68	20	0.08
68	21	0.08
68	22	0.08
68	23	0.08
68	24	0.08
68	25	0.08
68	26	0.08
68	27	0.08
68	28	0.08
68	29	0.08
68	30	0.08
68	31	0.08
68	32	0.08
68	33	0.08
68	34	0.08
68	35	0.08
68	36	0.08
68	37	0.08
68	38	0.08
68	39	0.08
68	40	0.08
68	41	0.08
68	42	0.08
68	43	0.08
68	44	0.08
68	45	0.08
68	46	0.08
68	47	0.08
68	48	0.08
68	49	0.08
68	50	0.08
68	51	0.08
68	52	0.08
68	53	0.08
68	54	0.08
68	55	0.08
68	56	0.08
68	57	0.08
68	58	0.08
68	59	0.08
68	60	0.08
68	61	0.08
68	62	0.08
68	63	0.08
68	64	0.08
68	65	0.08
68	66	0.08
68	67	0.08
68	68	0.08
69	0	0.08
69	1	0.08
69	2	0.08
69	3	0.08
69	4	0.08
69	5	0.08
69	6	0.08
69	7	0.08
69	8	0.08
69	9	0.08
69	10	0.08
69	11	0.08
69	12	0.08
69	13	0.08
69	14	0.08
69	15	0.08
69	16	0.08
69	17	0.08
69	18	0.08
69	19	0.08
69	20	0.08
69	21	0.08
69	22	0.08
69	23	0.08
69	24	0.08
69	25	0.08
69	26	0.08
69	27	0.08
69	28	0.08
69	29	0.08
69	30	0.08
69	31	0.08
69	32	0.08
69	33	0.08
69	34	0.08
69	35	0.08
69	36	0.08
69	37	0.08
69	38	0.08
69	39	0.08
69	40	0.08
69	41	0.08
69	42	0.08
69	43	0.08
69	44	0.08
69	45	0.08
69	46	0.08
69	47	0.08
69	48	0.08
69	49	0.08
69	50	0.08
69	51	0.08
69	52	0.08
69	53	0.08
69	54	0.08
69	55	0.08
69	56	0.08
69	57	0.08
69	58	0.08
69	59	0.08
69	60	0.08
69	61	0.08
69	62	0.08
69	63	0.08
69	64	0.08
69	65	0.08
69	66	0.08
69	67	0.08
69	68	0.08
69	69	0.08
70	0	0.08
70	1	0.08
70	2	0.08
70	3	0.08
70	4	0.08
70	5	0.08
70	6	0.08
70	7	0.08
70	8	0.08
70	9	0.08
70	10	0.08
70	11	0.08
70	12	0.08
70	13	0.08
70	14	0.08
70	15	0.08
70	16	0.08
70	17	0.08
70	18	0.08
70	19	0.08
70	20	0.08
70	21	0.08
70	22	0.08
70	23	0.08
70	24	0.08
70	25	0.08
70	26	0.08
70	27	0.08
70	28	0.08
70	29	0.08
70	30	0.08
70	31	0.08
70	32	0.08
70	33	0.08
70	34	0.08
70	35	0.08
70	36	0.08
70	37	0.08
70	38	0.08
70	39	0.08
70	40	0.08
70	41	0.08
70	42	0.08
70	43	0.08
70	44	0.08
70	45	0.08
70	46	0.08
70	47	0.08
70	48	0.08
70	49	0.08
70	50	0.08
70	51	0.08
70	52	0.08
70	53	0.08
70	54	0.08
70	55	0.08
70	56	0.08
70	57	0.08
70	58	0.08
70	59	0.08
70	60	0.08
70	61	0.08
70	62	0.08
70	63	0.08
70	64	0.08
70	65	0.08
70	66	0.08
70	67	0.08
70	68	0.08
70	69	0.08
70	70	0.08
71	0	0.08
71	1	0.08
71	2	0.08
71	3	0.08
71	4	0.08
71	5	0.08
71	6	0.08
71	7	0.08
71	8	0.08
71	9	0.08
71	10	0.08
71	11	0.08
71	12	0.08
71	13	0.08
71	14	0.08
71	15	0.08
71	16	0.08
71	17	0.08
71	18	0.08
71	19	0.08
71	20	0.08
71	21	0.08
71	22	0.08
71	23	0.08
71	24	0.08
71	25	0.08
71	26	0.08
71	27	0.08
71	28	0.08
71	29	0.08
71	30	0.08
71	31	0.08
71	32	0.08
71	33	0.08
71	34	0.08
71	35	0.08
71	36	0.08
71	37	0.08
71	38	0.08
71	39	0.08
71	40	0.08
71	41	0.08
71	42	0.08
71	43	0.08
71	44	0.08
71	45	0.08
71	46	0.08
71	47	0.08
71	48	0.08
71	49	0.08
71	50	0.08
71	51	0.08
71	52	0.08
71	53	0.08
71	54	0.08
71	55	0.08
71	56	0.08
71	57	0.08
71	58	0.08
71	59	0.08
71	60	0.08
71	61	0.08
71	62	0.08
71	63	0.08
71	64	0.08
71	65	0.08
71	66	0.08
71	67	0.08
71	68	0.08
71	69	0.08
71	70	0.08
71	71	0.08
72	0	0.08
72	1	0.08
72	2	0.08
72	3	0.08
72	4	0.08
72	5	0.08
72	6	0.08
72	7	0.08
72	8	0.08
72	9	0.08
72	10	0.08
72	11	0.08
72	12	0.08
72	13	0.08
72	14	0.08
72	15	0.08
72	16	0.08
72	17	0.08
72	18	0.08
72	19	0.08
72	20	0.08
72	21	0.08
72	22	0.08
72	23	0.08
72	24	0.08
72	25	0.08
72	26	0.08
72	27	0.08
72	28	0.08
72	29	0.08
72	30	0.08
72	31	0.08
72	32	0.08
72	33	0.08
72	34	0.08
72	35	0.08
72	36	0.08
72	37	0.08
72	38	0.08
72	39	0.08
72	40	0.08
72	41	0.08
72	42	0.08
72	43	0.08
72	44	0.08
72	45	0.08
72	46	0.08
72	47	0.08
72	48	0.08
72	49	0.08
72	50	0.08
72	51	0.08
72	52	0.08
72	53	0.08
72	54	0.08
72	55	0.08
72	56	0.08
72	57	0.08
72	58	0.08
72	59	0.08
72	60	0.08
72	61	0.08
72	62	0.08
72	63	0.08
72	64	0.08
72	65	0.08
72	66	0.08
72	67	0.08
72	68	0.08
72	69	0.08
72	70	0.08
72	71	0.08
72	72	0.08
73	0	0.08
73	1	0.08
73	2	0.08
73	3	0.08
73	4	0.08
73	5	0.08
73	6	0.08
73	7	0.08
73	8	0.08
73	9	0.08
73	10	0.08
73	11	0.08
73	12	0.08
73	13	0.08
73	14	0.08
73	15	0.08
73	16	0.08
73	17	0.08
73	18	0.08
73	19	0.08
73	20	0.08
73	21	0.08
73	22	0.08
73	23	0.08
73	24	0.08
73	25	0.08
73	26	0.08
73	27	0.08
73	28	0.08
73	29	0.08
73	30	0.08
73	31	0.08
73	32	0.08
73	33	0.08
73	34	0.08
73	35	0.08
73	36	0.08
73	37	0.08
73	38	0.08
73	39	0.08
73	40	0.08
73	41	0.08
73	42	0.08
73	43	0.08
73	44	0.08
73	45	0.08
73	46	0.08
73	47	0.08
73	48	0.08
73	49	0.08
73	50	0.08
73	51	0.08
73	52	0.08
73	53	0.08
73	54	0.08
73	55	0.08
73	56	0.08
73	57	0.08
73	58	0.08
73	59	0.08
73	60	0.08
73	61	0.08
73	62	0.08
73	63	0.08
73	64	0.08
73	65	0.08
73	66	0.08
73	67	0.08
73	68	0.08
73	69	0.08
73	70	0.08
73	71	0.08
73	72	0.08
73	73	0.08
74	0	0.08
74	1	0.08
74	2	0.08
74	3	0.08
74	4	0.08
74	5	0.08
74	6	0.08
74	7	0.08
74	8	0.08
74	9	0.08
74	10	0.08
74	11	0.08
74	12	0.08
74	13	0.08
74	14	0.08
74	15	0.08
74	16	0.08
74	17	0.08
74	18	0.08
74	19	0.08
74	20	0.08
74	21	0.08
74	22	0.08
74	23	0.08
74	24	0.08
74	25	0.08
74	26	0.08
74	27	0.08
74	28	0.08
74	29	0.08
74	30	0.08
74	31	0.08
74	32	0.08
74	33	0.08
74	34	0.08
74	35	0.08
74	36	0.08
74	37	0.08
74	38	0.08
74	39	0.08
74	40	0.08
74	41	0.08
74	42	0.08
74	43	0.08
74	44	0.08
74	45	0.08
74	46	0.08
74	47	0.08
74	48	0.08
74	49	0.08
74	50	0.08
74	51	0.08
74	52	0.08
74	53	0.08
74	54	0.08
74	55	0.08
74	56	0.08
74	57	0.08
74	58	0.08
74	59	0.08
74	60	0.08
74	61	0.08
74	62	0.08
74	63	0.08
74	64	0.08
74	65	0.08
74	66	0.08
74	67	0.08
74	68	0.08
74	69	0.08
74	70	0.08
74	71	0.08
74	72	0.08
74	73	0.08
74	74	0.08
75	0	0.08
75	1	0.08
75	2	0.08
75	3	0.08
75	4	0.08
75	5	0.08
75	6	0.08
75	7	0.08
75	8	0.08
75	9	0.08
75	10	0.08
75	11	0.08
75	12	0.08
75	13	0.08
75	14	0.08
75	15	0.08
75	16	0.08
75	17	0.08
75	18	0.08
75	19	0.08
75	20	0.08
75	21	0.08
75	22	0.08
75	23	0.08
75	24	0.08
75	25	0.08
75	26	0.08
75	27	0.08
75	28	0.08
75	29	0.08
75	30	0.08
75	31	0.08
75	32	0.08
75	33	0.08
75	34	0.08
75	35	0.08
75	36	0.08
75	37	0.08
75	38	0.08
75	39	0.08
75	40	0.08
75	41	0.08
75	42	0.08
75	43	0.08
75	44	0.08
75	45	0.08
75	46	0.08
75	47	0.08
75	48	0.08
75	49	0.08
75	50	0.08
75	51	0.08
75	52	0.08
75	53	0.08
75	54	0.08
75	55	0.08
75	56	0.08
75	57	0.08
75	58	0.08
75	59	0.08
75	60	0.08
75	61	0.08
75	62	0.08
75	63	0.08
75	64	0.08
75	65	0.08
75	66	0.08
75	67	0.08
75	68	0.08
75	69	0.08
75	70	0.08
75	71	0.08
75	72	0.08
75	73	0.08
75	74	0.08
75	75	0.08
76	0	0.08
76	1	0.08
76	2	0.08
76	3	0.08
76	4	0.08
76	5	0.08
76	6	0.08
76	7	0.08
76	8	0.08
76	9	0.08
76	10	0.08
76	11	0.08
76	12	0.08
76	13	0.08
76	14	0.08
76	15	0.08
76	16	0.08
76	17	0.08
76	18	0.08
76	19	0.08
76	20	0.08
76	21	0.08
76	22	0.08
76	23	0.08
76	24	0.08
76	25	0.08
76	26	0.08
76	27	0.08
76	28	0.08
76	29	0.08
76	30	0.08
76	31	0.08
76	32	0.08
76	33	0.08
76	34	0.08
76	35	0.08
76	36	0.08
76	37	0.08
76	38	0.08
76	39	0.08
76	40	0.08
76	41	0.08
76	42	0.08
76	43	0.08
76	44	0.08
76	45	0.08
76	46	0.08
76	47	0.08
76	48	0.07
76	49	0.08
76	50	0.08
76	51	0.08
76	52	0.08
76	53	0.08
76	54	0.08
76	55	0.08
76	56	0.08
76	57	0.08
76	58	0.08
76	59	0.08
76	60	0.08
76	61	0.08
76	62	0.08
76	63	0.08
76	64	0.08
76	65	0.08
76	66	0.08
76	67	0.08
76	68	0.08
76	69	0.08
76	70	0.08
76	71	0.08
76	72	0.08
76	73	0.08
76	74	0.08
76	75	0.08
76	76	0.08
77	0	0.08
77	1	0.08
77	2	0.08
77	3	0.08
77	4	0.08
77	5	0.08
77	6	0.08
77	7	0.08
77	8	0.08
77	9	0.08
77	10	0.08
77	11	0.08
77	12	0.08
77	13	0.08
77	14	0.08
77	15	0.08
77	16	0.08
77	17	0.08
77	18	0.08
77	19	0.08
77	20	0.08
77	21	0.08
77	22	0.08
77	23	0.08
77	24	0.08
77	25	0.08
77	26	0.08
77	27	0.08
77	28	0.08
77	29	0.08
77	30	0.08
77	31	0.08
77	32	0.08
77	33	0.08
77	34	0.08
77	35	0.08
77	36	0.08
77	37	0.08
77	38	0.08
77	39	0.08
77	40	0.08
77	41	0.08
77	42	0.08
77	43	0.08
77	44	0.08
77	45	0.08
77	46	0.08
77	47	0.08
77	48	0.08
77	49	0.08
77	50	0.08
77	51	0.08
77	52	0.08
77	53	0.08
77	54	0.08
77	55	0.08
77	56	0.08
77	57	0.08
77	58	0.08
77	59	0.08
77	60	0.08
77	61	0.08
77	62	0.08
77	63	0.08
77	64	0.08
77	65	0.08
77	66	0.08
77	67	0.08
77	68	0.08
77	69	0.08
77	70	0.08
77	71	0.08
77	72	0.08
77	73	0.08
77	74	0.08
77	75	0.08
77	76	0.08
77	77	0.08
78	0	0.08
78	1	0.08
78	2	0.08
78	3	0.08
78	4	0.08
78	5	0.08
78	6	0.08
78	7	0.08
78	8	0.08
78	9	0.08
78	10	0.08
78	11	0.08
78	12	0.08
78	13	0.08
78	14	0.08
78	15	0.08
78	16	0.08
78	17	0.08
78	18	0.08
78	19	0.08
78	20	0.08
78	21	0.08
78	22	0.08
78	23	0.08
78	24	0.08
78	25	0.08
78	26	0.08
78	27	0.08
78	28	0.08
78	29	0.08
78	30	0.08
78	31	0.08
78	32	0.08
78	33	0.08
78	34	0.08
78	35	0.08
78	36	0.08
78	37	0.08
78	38	0.08
78	39	0.08
78	40	0.08
78	41	0.08
78	42	0.08
78	43	0.08
78	44	0.08
78	45	0.08
78	46	0.08
78	47	0.08
78	48	0.08
78	49	0.08
78	50	0.08
78	51	0.08
78	52	0.08
78	53	0.08
78	54	0.08
78	55	0.08
78	56	0.08
78	57	0.08
78	58	0.08
78	59	0.08
78	60	0.08
78	61	0.08
78	62	0.08
78	63	0.08
78	64	0.08
78	65	0.08
78	66	0.08
78	67	0.08
78	68	0.08
78	69	0.08
78	70	0.08
78	71	0.08
78	72	0.08
78	73	0.08
78	74	0.08
78	75	0.08
78	76	0.08
78	77	0.08
78	78	0.08
79	0	0.08
79	1	0.08
79	2	0.08
79	3	0.08
79	4	0.08
79	5	0.08
79	6	0.08
79	7	0.08
79	8	0.08
79	9	0.08
79	10	0.08
79	11	0.08
79	12	0.08
79	13	0.08
79	14	0.08
79	15	0.08
79	16	0.08
79	17	0.08
79	18	0.08
79	19	0.08
79	20	0.08
79	21	0.08
79	22	0.08
79	23	0.08
79	24	0.08
79	25	0.08
79	26	0.08
79	27	0.08
79	28	0.08
79	29	0.08
79	30	0.08
79	31	0.08
79	32	0.08
79	33	0.08
79	34	0.08
79	35	0.08
79	36	0.08
79	37	0.08
79	38	0.08
79	39	0.08
79	40	0.08
79	41	0.08
79	42	0.08
79	43	0.08
79	44	0.08
79	45	0.08
79	46	0.08
79	47	0.08
79	48	0.08
79	49	0.08
79	50	0.08
79	51	0.08
79	52	0.08
79	53	0.08
79	54	0.08
79	55	0.08
79	56	0.08
79	57	0.08
79	58	0.08
79	59	0.08
79	60	0.08
79	61	0.08
79	62	0.08
79	63	0.08
79	64	0.08
79	65	0.08
79	66	0.08
79	67	0.08
79	68	0.08
79	69	0.08
79	70	0.08
79	71	0.08
79	72	0.08
79	73	0.08
79	74	0.08
79	75	0.08
79	76	0.08
79	77	0.08
79	78	0.08
79	79	0.08
80	0	0.08
80	1	0.08
80	2	0.08
80	3	0.08
80	4	0.08
80	5	0.08
80	6	0.08
80	7	0.08
80	8	0.08
80	9	0.08
80	10	0.08
80	11	0.08
80	12	0.08
80	13	0.08
80	14	0.08
80	15	0.08
80	16	0.08
80	17	0.08
80	18	0.08
80	19	0.08
80	20	0.08
80	21	0.08
80	22	0.08
80	23	0.08
80	24	0.08
80	25	0.08
80	26	0.08
80	27	0.08
80	28	0.08
80	29	0.08
80	30	0.08
80	31	0.08
80	32	0.08
80	33	0.08
80	34	0.08
80	35	0.08
80	36	0.08
80	37	0.08
80	38	0.08
80	39	0.08
80	40	0.08
80	41	0.08
80	42	0.08
80	43	0.08
80	44	0.08
80	45	0.08
80	46	0.08
80	47	0.08
80	48	0.08
80	49	0.08
80	50	0.08
80	51	0.08
80	52	0.08
80	53	0.08
80	54	0.08
80	55	0.08
80	56	0.08
80	57	0.08
80	58	0.08
80	59	0.08
80	60	0.08
80	61	0.08
80	62	0.08
80	63	0.08
80	64	0.08
80	65	0.08
80	66	0.08
80	67	0.08
80	68	0.08
80	69	0.08
80	70	0.08
80	71	0.08
80	72	0.08
80	73	0.08
80	74	0.08
80	75	0.08
80	76	0.08
80	77	0.08
80	78	0.08
80	79	0.08
80	80	0.08
81	0	0.08
81	1	0.08
81	2	0.08
81	3	0.08
81	4	0.08
81	5	0.08
81	6	0.08
81	7	0.08
81	8	0.08
81	9	0.08
81	10	0.08
81	11	0.08
81	12	0.08
81	13	0.08
81	14	0.08
81	15	0.08
81	16	0.08
81	17	0.08
81	18	0.08
81	19	0.08
81	20	0.08
81	21	0.08
81	22	0.08
81	23	0.08
81	24	0.08
81	25	0.08
81	26	0.08
81	27	0.08
81	28	0.08
81	29	0.08
81	30	0.08
81	31	0.08
81	32	0.08
81	33	0.08
81	34	0.08
81	35	0.08
81	36	0.08
81	37	0.08
81	38	0.08
81	39	0.08
81	40	0.08
81	41	0.08
81	42	0.08
81	43	0.08
81	44	0.08
81	45	0.08
81	46	0.08
81	47	0.08
81	48	0.08
81	49	0.08
81	50	0.08
81	51	0.08
81	52	0.08
81	53	0.08
81	54	0.08
81	55	0.08
81	56	0.08
81	57	0.08
81	58	0.08
81	59	0.08
81	60	0.08
81	61	0.08
81	62	0.08
81	63	0.08
81	64	0.08
81	65	0.08
81	66	0.08
81	67	0.08
81	68	0.08
81	69	0.08
81	70	0.08
81	71	0.08
81	72	0.08
81	73	0.08
81	74	0.08
81	75	0.08
81	76	0.08
81	77	0.08
81	78	0.08
81	79	0.08
81	80	0.08
81	81	0.08
82	0	0.08
82	1	0.08
82	2	0.08
82	3	0.08
82	4	0.08
82	5	0.08
82	6	0.08
82	7	0.08
82	8	0.08
82	9	0.08
82	10	0.08
82	11	0.08
82	12	0.08
82	13	0.08
82	14	0.08
82	15	0.08
82	16	0.08
82	17	0.08
82	18	0.08
82	19	0.08
82	20	0.08
82	21	0.08
82	22	0.08
82	23	0.08
82	24	0.08
82	25	0.08
82	26	0.08
82	27	0.08
82	28	0.08
82	29	0.08
82	30	0.08
82	31	0.08
82	32	0.08
82	33	0.08
82	34	0.08
82	35	0.08
82	36	0.08
82	37	0.08
82	38	0.08
82	39	0.08
82	40	0.08
82	41	0.08
82	42	0.08
82	43	0.08
82	44	0.08
82	45	0.08
82	46	0.08
82	47	0.08
82	48	0.08
82	49	0.08
82	50	0.08
82	51	0.08
82	52	0.08
82	53	0.08
82	54	0.08
82	55	0.08
82	56	0.08
82	57	0.08
82	58	0.08
82	59	0.08
82	60	0.08
82	61	0.08
82	62	0.08
82	63	0.08
82	64	0.08
82	65	0.08
82	66	0.08
82	67	0.08
82	68	0.08
82	69	0.08
82	70	0.08
82	71	0.08
82	72	0.08
82	73	0.08
82	74	0.08
82	75	0.08
82	76	0.08
82	77	0.08
82	78	0.08
82	79	0.08
82	80	0.09
82	81	0.08
82	82	0.08
83	0	0.08
83	1	0.08
83	2	0.08
83	3	0.08
83	4	0.08
83	5	0.08
83	6	0.08
83	7	0.08
83	8	0.08
83	9	0.08
83	10	0.08
83	11	0.08
83	12	0.08
83	13	0.08
83	14	0.08
83	15	0.08
83	16	0.08
83	17	0.08
83	18	0.08
83	19	0.08
83	20	0.08
83	21	0.08
83	22	0.08
83	23	0.08
83	24	0.08
83	25	0.08
83	26	0.08
83	27	0.08
83	28	0.08
83	29	0.08
83	30	0.08
83	31	0.08
83	32	0.08
83	33	0.08
83	34	0.08
83	35	0.08
83	36	0.08
83	37	0.08
83	38	0.08
83	39	0.08
83	40	0.08
83	41	0.08
83	42	0.08
83	43	0.08
83	44	0.08
83	45	0.08
83	46	0.08
83	47	0.08
83	48	0.08
83	49	0.08
83	50	0.08
83	51	0.08
83	52	0.08
83	53	0.08
83	54	0.08
83	55	0.08
83	56	0.08
83	57	0.08
83	58	0.08
83	59	0.08
83	60	0.08
83	61	0.08
83	62	0.08
83	63	0.08
83	64	0.08
83	65	0.08
83	66	0.08
83	67	0.08
83	68	0.08
83	69	0.08
83	70	0.08
83	71	0.08
83	72	0.08
83	73	0.08
83	74	0.08
83	75	0.08
83	76	0.08
83	77	0.08
83	78	0.08
83	79	0.08
83	80	0.08
83	81	0.09
83	82	0.08
83	83	0.08
84	0	0.08
84	1	0.08
84	2	0.08
84	3	0.08
84	4	0.08
84	5	0.08
84	6	0.08
84	7	0.08
84	8	0.08
84	9	0.08
84	10	0.08
84	11	0.08
84	12	0.08
84	13	0.08
84	14	0.08
84	15	0.08
84	16	0.08
84	17	0.08
84	18	0.08
84	19	0.08
84	20	0.08
84	21	0.08
84	22	0.08
84	23	0.08
84	24	0.08
84	25	0.08
84	26	0.08
84	27	0.08
84	28	0.08
84	29	0.08
84	30	0.08
84	31	0.08
84	32	0.08
84	33	0.08
84	34	0.08
84	35	0.08
84	36	0.08
84	37	0.08
84	38	0.08
84	39	0.08
84	40	0.08
84	41	0.08
84	42	0.08
84	43	0.08
84	44	0.08
84	45	0.08
84	46	0.08
84	47	0.08
84	48	0.08
84	49	0.08
84	50	0.08
84	51	0.08
84	52	0.08
84	53	0.08
84	54	0.08
84	55	0.08
84	56	0.08
84	57	0.08
84	58	0.08
84	59	0.08
84	60	0.08
84	61	0.08
84	62	0.08
84	63	0.08
84	64	0.08
84	65	0.08
84	66	0.08
84	67	0.08
84	68	0.08
84	69	0.08
84	70	0.08
84	71	0.08
84	72	0.08
84	73	0.08
84	74	0.08
84	75	0.08
84	76	0.08
84	77	0.08
84	78	0.08
84	79	0.08
84	80	0.08
84	81	0.08
84	82	0.08
84	83	0.08
84	84	0.09
85	0	0.08
85	1	0.08
85	2	0.08
85	3	0.08
85	4	0.08
85	5	0.08
85	6	0.08
85	7	0.08
85	8	0.08
85	9	0.08
85	10	0.08
85	11	0.08
85	12	0.08
85	13	0.08
85	14	0.08
85	15	0.08
85	16	0.08
85	17	0.08
85	18	0.08
85	19	0.08
85	20	0.08
85	21	0.08
85	22	0.08
85	23	0.08
85	24	0.08
85	25	0.08
85	26	0.08
85	27	0.08
85	28	0.08
85	29	0.08
85	30	0.08
85	31	0.08
85	32	0.08
85	33	0.08
85	34	0.08
85	35	0.08
85	36	0.08
85	37	0.08
85	38	0.08
85	39	0.08
85	40	0.08
85	41	0.08
85	42	0.08
85	43	0.08
85	44	0.08
85	45	0.08
85	46	0.08
85	47	0.08
85	48	0.08
85	49	0.08
85	50	0.08
85	51	0.08
85	52	0.08
85	53	0.08
85	54	0.08
85	55	0.08
85	56	0.08
85	57	0.08
85	58	0.08
85	59	0.08
85	60	0.08
85	61	0.08
85	62	0.08
85	63	0.08
85	64	0.08
85	65	0.08
85	66	0.08
85	67	0.08
85	68	0.08
85	69	0.08
85	70	0.08
85	71	0.08
85	72	0.08
85	73	0.08
85	74	0.08
85	75	0.08
85	76	0.08
85	77	0.08
85	78	0.08
85	79	0.08
85	80	0.09
85	81	0.08
85	82	0.09
85	83	0.09
85	84	0.1
85	85	0.1
86	0	0.08
86	1	0.08
86	2	0.08
86	3	0.08
86	4	0.08
86	5	0.08
86	6	0.08
86	7	0.08
86	8	0.08
86	9	0.08
86	10	0.08
86	11	0.08
86	12	0.08
86	13	0.08
86	14	0.08
86	15	0.08
86	16	0.08
86	17	0.08
86	18	0.08
86	19	0.08
86	20	0.08
86	21	0.08
86	22	0.08
86	23	0.08
86	24	0.08
86	25	0.08
86	26	0.08
86	27	0.08
86	28	0.08
86	29	0.08
86	30	0.08
86	31	0.08
86	32	0.08
86	33	0.08
86	34	0.08
86	35	0.08
86	36	0.08
86	37	0.08
86	38	0.08
86	39	0.08
86	40	0.08
86	41	0.08
86	42	0.08
86	43	0.08
86	44	0.08
86	45	0.08
86	46	0.08
86	47	0.08
86	48	0.08
86	49	0.08
86	50	0.08
86	51	0.08
86	52	0.08
86	53	0.08
86	54	0.08
86	55	0.08
86	56	0.08
86	57	0.08
86	58	0.08
86	59	0.08
86	60	0.08
86	61	0.08
86	62	0.08
86	63	0.08
86	64	0.08
86	65	0.08
86	66	0.08
86	67	0.08
86	68	0.08
86	69	0.08
86	70	0.08
86	71	0.08
86	72	0.08
86	73	0.08
86	74	0.08
86	75	0.08
86	76	0.09
86	77	0.08
86	78	0.08
86	79	0.08
86	80	0.09
86	81	0.08
86	82	0.1
86	83	0.08
86	84	0.1
86	85	0.09
86	86	0.09
87	0	0.08
87	1	0.08
87	2	0.08
87	3	0.08
87	4	0.08
87	5	0.08
87	6	0.08
87	7	0.08
87	8	0.08
87	9	0.08
87	10	0.08
87	11	0.08
87	12	0.08
87	13	0.08
87	14	0.08
87	15	0.08
87	16	0.08
87	17	0.08
87	18	0.08
87	19	0.08
87	20	0.08
87	21	0.08
87	22	0.08
87	23	0.08
87	24	0.08
87	25	0.08
87	26	0.08
87	27	0.08
87	28	0.08
87	29	0.08
87	30	0.08
87	31	0.08
87	32	0.08
87	33	0.08
87	34	0.08
87	35	0.08
87	36	0.08
87	37	0.08
87	38	0.08
87	39	0.08
87	40	0.08
87	41	0.08
87	42	0.08
87	43	0.08
87	44	0.08
87	45	0.08
87	46	0.08
87	47	0.08
87	48	0.08
87	49	0.08
87	50	0.08
87	51	0.08
87	52	0.08
87	53	0.08
87	54	0.08
87	55	0.08
87	56	0.08
87	57	0.08
87	58	0.08
87	59	0.08
87	60	0.08
87	61	0.08
87	62	0.07
87	63	0.08
87	64	0.08
87	65	0.08
87	66	0.08
87	67	0.08
87	68	0.08
87	69	0.08
87	70	0.08
87	71	0.08
87	72	0.08
87	73	0.08
87	74	0.08
87	75	0.08
87	76	0.08
87	77	0.08
87	78	0.09
87	79	0.08
87	80	0.09
87	81	0.08
87	82	0.1
87	83	0.1
87	84	0.09
87	85	0.1
87	86	0.1
87	87	0.09
88	0	0.08
88	1	0.08
88	2	0.08
88	3	0.08
88	4	0.08
88	5	0.08
88	6	0.08
88	7	0.08
88	8	0.08
88	9	0.08
88	10	0.08
88	11	0.08
88	12	0.08
88	13	0.08
88	14	0.08
88	15	0.08
88	16	0.08
88	17	0.08
88	18	0.08
88	19	0.08
88	20	0.08
88	21	0.08
88	22	0.08
88	23	0.08
88	24	0.08
88	25	0.08
88	26	0.08
88	27	0.08
88	28	0.08
88	29	0.08
88	30	0.08
88	31	0.08
88	32	0.08
88	33	0.08
88	34	0.08
88	35	0.08
88	36	0.08
88	37	0.08
88	38	0.08
88	39	0.08
88	40	0.08
88	41	0.08
88	42	0.08
88	43	0.08
88	44	0.08
88	45	0.08
88	46	0.08
88	47	0.08
88	48	0.08
88	49	0.08
88	50	0.08
88	51	0.08
88	52	0.08
88	53	0.08
88	54	0.08
88	55	0.08
88	56	0.08
88	57	0.08
88	58	0.08
88	59	0.08
88	60	0.08
88	61	0.08
88	62	0.08
88	63	0.08
88	64	0.08
88	65	0.08
88	66	0.08
88	67	0.08
88	68	0.08
88	69	0.08
88	70	0.08
88	71	0.08
88	72	0.08
88	73	0.08
88	74	0.08
88	75	0.08
88	76	0.08
88	77	0.08
88	78	0.1
88	79	0.09
88	80	0.09
88	81	0.09
88	82	0.09
88	83	0.09
88	84	0.09
88	85	0.1
88	86	0.1
88	87	0.09
88	88	0.11
89	0	0.08
89	1	0.08
89	2	0.08
89	3	0.08
89	4	0.08
89	5	0.08
89	6	0.08
89	7	0.08
89	8	0.08
89	9	0.08
89	10	0.08
89	11	0.08
89	12	0.08
89	13	0.08
89	14	0.08
89	15	0.08
89	16	0.08
89	17	0.08
89	18	0.08
89	19	0.08
89	20	0.08
89	21	0.08
89	22	0.08
89	23	0.08
89	24	0.08
89	25	0.08
89	26	0.08
89	27	0.08
89	28	0.08
89	29	0.08
89	30	0.08
89	31	0.09
89	32	0.08
89	33	0.08
89	34	0.08
89	35	0.08
89	36	0.08
89	37	0.08
89	38	0.08
89	39	0.08
89	40	0.08
89	41	0.08
89	42	0.08
89	43	0.08
89	44	0.08
89	45	0.08
89	46	0.08
89	47	0.08
89	48	0.08
89	49	0.08
89	50	0.08
89	51	0.08
89	52	0.08
89	53	0.08
89	54	0.08
89	55	0.08
89	56	0.08
89	57	0.08
89	58	0.08
89	59	0.08
89	60	0.08
89	61	0.08
89	62	0.08
89	63	0.08
89	64	0.08
89	65	0.08
89	66	0.08
89	67	0.08
89	68	0.08
89	69	0.08
89	70	0.08
89	71	0.08
89	72	0.08
89	73	0.08
89	74	0.09
89	75	0.08
89	76	0.08
89	77	0.09
89	78	0.08
89	79	0.1
89	80	0.09
89	81	0.09
89	82	0.1
89	83	0.1
89	84	0.1
89	85	0.1
89	86	0.1
89	87	0.12
89	88	0.11
89	89	0.11
90	0	0.08
90	1	0.08
90	2	0.08
90	3	0.08
90	4	0.08
90	5	0.08
90	6	0.08
90	7	0.08
90	8	0.08
90	9	0.08
90	10	0.08
90	11	0.08
90	12	0.08
90	13	0.08
90	14	0.08
90	15	0.08
90	16	0.08
90	17	0.08
90	18	0.08
90	19	0.08
90	20	0.08
90	21	0.08
90	22	0.08
90	23	0.08
90	24	0.08
90	25	0.08
90	26	0.08
90	27	0.08
90	28	0.08
90	29	0.08
90	30	0.08
90	31	0.08
90	32	0.08
90	33	0.08
90	34	0.09
90	35	0.08
90	36	0.08
90	37	0.08
90	38	0.08
90	39	0.08
90	40	0.08
90	41	0.08
90	42	0.08
90	43	0.08
90	44	0.08
90	45	0.08
90	46	0.08
90	47	0.08
90	48	0.08
90	49	0.08
90	50	0.08
90	51	0.08
90	52	0.08
90	53	0.08
90	54	0.08
90	55	0.08
90	56	0.08
90	57	0.08
90	58	0.08
90	59	0.08
90	60	0.08
90	61	0.08
90	62	0.08
90	63	0.08
90	64	0.08
90	65	0.08
90	66	0.08
90	67	0.08
90	68	0.08
90	69	0.08
90	70	0.08
90	71	0.08
90	72	0.08
90	73	0.08
90	74	0.08
90	75	0.08
90	76	0.08
90	77	0.09
90	78	0.08
90	79	0.08
90	80	0.1
90	81	0.09
90	82	0.1
90	83	0.1
90	84	0.09
90	85	0.1
90	86	0.1
90	87	0.11
90	88	0.11
90	89	0.13
90	90	0.1
91	0	0.08
91	1	0.08
91	2	0.08
91	3	0.08
91	4	0.08
91	5	0.08
91	6	0.08
91	7	0.08
91	8	0.08
91	9	0.08
91	10	0.08
91	11	0.08
91	12	0.08
91	13	0.08
91	14	0.08
91	15	0.08
91	16	0.08
91	17	0.08
91	18	0.08
91	19	0.08
91	20	0.08
91	21	0.08
91	22	0.08
91	23	0.08
91	24	0.08
91	25	0.08
91	26	0.08
91	27	0.08
91	28	0.08
91	29	0.08
91	30	0.08
91	31	0.08
91	32	0.08
91	33	0.08
91	34	0.08
91	35	0.08
91	36	0.08
91	37	0.08
91	38	0.08
91	39	0.08
91	40	0.08
91	41	0.08
91	42	0.08
91	43	0.08
91	44	0.08
91	45	0.08
91	46	0.08
91	47	0.08
91	48	0.08
91	49	0.08
91	50	0.08
91	51	0.08
91	52	0.08
91	53	0.08
91	54	0.08
91	55	0.08
91	56	0.08
91	57	0.08
91	58	0.08
91	59	0.08
91	60	0.08
91	61	0.08
91	62	0.08
91	63	0.08
91	64	0.08
91	65	0.08
91	66	0.08
91	67	0.08
91	68	0.08
91	69	0.08
91	70	0.08
91	71	0.08
91	72	0.08
91	73	0.08
91	74	0.08
91	75	0.08
91	76	0.08
91	77	0.08
91	78	0.09
91	79	0.09
91	80	0.1
91	81	0.09
91	82	0.09
91	83	0.1
91	84	0.09
91	85	0.1
91	86	0.11
91	87	0.1
91	88	0.12
91	89	0.11
91	90	0.11
91	91	0.11
92	0	0.08
92	1	0.08
92	2	0.08
92	3	0.08
92	4	0.08
92	5	0.08
92	6	0.08
92	7	0.08
92	8	0.08
92	9	0.08
92	10	0.08
92	11	0.08
92	12	0.08
92	13	0.08
92	14	0.08
92	15	0.08
92	16	0.08
92	17	0.08
92	18	0.08
92	19	0.08
92	20	0.08
92	21	0.08
92	22	0.08
92	23	0.08
92	24	0.08
92	25	0.08
92	26	0.08
92	27	0.08
92	28	0.08
92	29	0.08
92	30	0.08
92	31	0.08
92	32	0.08
92	33	0.08
92	34	0.08
92	35	0.08
92	36	0.08
92	37	0.08
92	38	0.08
92	39	0.08
92	40	0.08
92	41	0.08
92	42	0.08
92	43	0.08
92	44	0.08
92	45	0.08
92	46	0.08
92	47	0.08
92	48	0.08
92	49	0.08
92	50	0.08
92	51	0.08
92	52	0.08
92	53	0.09
92	54	0.08
92	55	0.08
92	56	0.08
92	57	0.08
92	58	0.08
92	59	0.08
92	60	0.08
92	61	0.08
92	62	0.08
92	63	0.09
92	64	0.08
92	65	0.08
92	66	0.08
92	67	0.08
92	68	0.08
92	69	0.08
92	70	0.08
92	71	0.08
92	72	0.08
92	73	0.09
92	74	0.08
92	75	0.08
92	76	0.08
92	77	0.08
92	78	0.09
92	79	0.09
92	80	0.1
92	81	0.1
92	82	0.1
92	83	0.11
92	84	0.1
92	85	0.11
92	86	0.11
92	87	0.11
92	88	0.12
92	89	0.07
92	90	0.13
92	91	0.14
92	92	0.13
93	0	0.08
93	1	0.08
93	2	0.08
93	3	0.08
93	4	0.08
93	5	0.08
93	6	0.08
93	7	0.08
93	8	0.08
93	9	0.08
93	10	0.08
93	11	0.08
93	12	0.08
93	13	0.08
93	14	0.08
93	15	0.08
93	16	0.08
93	17	0.08
93	18	0.08
93	19	0.08
93	20	0.08
93	21	0.08
93	22	0.08
93	23	0.08
93	24	0.08
93	25	0.08
93	26	0.08
93	27	0.08
93	28	0.08
93	29	0.08
93	30	0.08
93	31	0.08
93	32	0.08
93	33	0.08
93	34	0.08
93	35	0.08
93	36	0.08
93	37	0.08
93	38	0.08
93	39	0.08
93	40	0.08
93	41	0.08
93	42	0.08
93	43	0.08
93	44	0.08
93	45	0.08
93	46	0.08
93	47	0.08
93	48	0.08
93	49	0.08
93	50	0.08
93	51	0.08
93	52	0.08
93	53	0.08
93	54	0.08
93	55	0.08
93	56	0.08
93	57	0.08
93	58	0.08
93	59	0.08
93	60	0.08
93	61	0.08
93	62	0.08
93	63	0.08
93	64	0.08
93	65	0.08
93	66	0.08
93	67	0.08
93	68	0.08
93	69	0.08
93	70	0.08
93	71	0.08
93	72	0.08
93	73	0.08
93	74	0.08
93	75	0.08
93	76	0.08
93	77	0.08
93	78	0.09
93	79	0.1
93	80	0.1
93	81	0.1
93	82	0.1
93	83	0.1
93	84	0.1
93	85	0.11
93	86	0.1
93	87	0.1
93	88	0.14
93	89	0.12
93	90	0.12
93	91	0.13
93	92	0.15
93	93	0.12
94	0	0.08
94	1	0.08
94	2	0.08
94	3	0.08
94	4	0.08
94	5	0.08
94	6	0.08
94	7	0.08
94	8	0.08
94	9	0.08
94	10	0.08
94	11	0.08
94	12	0.08
94	13	0.08
94	14	0.08
94	15	0.08
94	16	0.08
94	17	0.08
94	18	0.08
94	19	0.08
94	20	0.08
94	21	0.08
94	22	0.08
94	23	0.08
94	24	0.08
94	25	0.08
94	26	0.08
94	27	0.08
94	28	0.08
94	29	0.08
94	30	0.08
94	31	0.08
94	32	0.08
94	33	0.08
94	34	0.08
94	35	0.08
94	36	0.08
94	37	0.08
94	38	0.08
94	39	0.08
94	40	0.08
94	41	0.08
94	42	0.08
94	43	0.08
94	44	0.08
94	45	0.08
94	46	0.08
94	47	0.08
94	48	0.08
94	49	0.08
94	50	0.08
94	51	0.08
94	52	0.08
94	53	0.08
94	54	0.08
94	55	0.08
94	56	0.08
94	57	0.08
94	58	0.08
94	59	0.08
94	60	0.08
94	61	0.08
94	62	0.08
94	63	0.08
94	64	0.08
94	65	0.08
94	66	0.08
94	67	0.08
94	68	0.08
94	69	0.08
94	70	0.08
94	71	0.08
94	72	0.08
94	73	0.08
94	74	0.09
94	75	0.09
94	76	0.08
94	77	0.1
94	78	0.09
94	79	0.09
94	80	0.08
94	81	0.1
94	82	0.11
94	83	0.1
94	84	0.1
94	85	0.11
94	86	0.1
94	87	0.12
94	88	0.12
94	89	0.15
94	90	0.11
94	91	0.15
94	92	0.08
94	93	0.13
94	94	0.15
95	0	0.08
95	1	0.08
95	2	0.08
95	3	0.08
95	4	0.08
95	5	0.08
95	6	0.08
95	7	0.08
95	8	0.08
95	9	0.08
95	10	0.09
95	11	0.08
95	12	0.08
95	13	0.08
95	14	0.08
95	15	0.08
95	16	0.08
95	17	0.08
95	18	0.08
95	19	0.08
95	20	0.08
95	21	0.08
95	22	0.08
95	23	0.08
95	24	0.08
95	25	0.08
95	26	0.08
95	27	0.08
95	28	0.08
95	29	0.08
95	30	0.08
95	31	0.08
95	32	0.09
95	33	0.08
95	34	0.08
95	35	0.08
95	36	0.08
95	37	0.08
95	38	0.08
95	39	0.08
95	40	0.08
95	41	0.08
95	42	0.08
95	43	0.08
95	44	0.08
95	45	0.08
95	46	0.08
95	47	0.08
95	48	0.08
95	49	0.08
95	50	0.08
95	51	0.08
95	52	0.08
95	53	0.08
95	54	0.08
95	55	0.08
95	56	0.08
95	57	0.08
95	58	0.07
95	59	0.08
95	60	0.08
95	61	0.08
95	62	0.08
95	63	0.08
95	64	0.08
95	65	0.08
95	66	0.08
95	67	0.08
95	68	0.08
95	69	0.08
95	70	0.08
95	71	0.08
95	72	0.08
95	73	0.08
95	74	0.08
95	75	0.08
95	76	0.08
95	77	0.1
95	78	0.09
95	79	0.1
95	80	0.11
95	81	0.11
95	82	0.1
95	83	0.11
95	84	0.11
95	85	0.1
95	86	0.11
95	87	0.1
95	88	0.08
95	89	0.14
95	90	0.11
95	91	0.08
95	92	0.12
95	93	0.13
95	94	0.12
95	95	0.1
96	0	0.08
96	1	0.08
96	2	0.08
96	3	0.08
96	4	0.08
96	5	0.08
96	6	0.08
96	7	0.08
96	8	0.08
96	9	0.08
96	10	0.08
96	11	0.09
96	12	0.08
96	13	0.08
96	14	0.08
96	15	0.08
96	16	0.08
96	17	0.08
96	18	0.08
96	19	0.08
96	20	0.08
96	21	0.08
96	22	0.08
96	23	0.08
96	24	0.08
96	25	0.08
96	26	0.08
96	27	0.08
96	28	0.08
96	29	0.08
96	30	0.08
96	31	0.08
96	32	0.08
96	33	0.08
96	34	0.08
96	35	0.08
96	36	0.08
96	37	0.08
96	38	0.08
96	39	0.08
96	40	0.08
96	41	0.08
96	42	0.08
96	43	0.08
96	44	0.08
96	45	0.08
96	46	0.08
96	47	0.08
96	48	0.08
96	49	0.08
96	50	0.08
96	51	0.08
96	52	0.08
96	53	0.08
96	54	0.08
96	55	0.08
96	56	0.08
96	57	0.08
96	58	0.08
96	59	0.08
96	60	0.08
96	61	0.08
96	62	0.08
96	63	0.08
96	64	0.08
96	65	0.08
96	66	0.08
96	67	0.08
96	68	0.1
96	69	0.08
96	70	0.08
96	71	0.08
96	72	0.08
96	73	0.08
96	74	0.08
96	75	0.08
96	76	0.08
96	77	0.09
96	78	0.08
96	79	0.09
96	80	0.1
96	81	0.1
96	82	0.12
96	83	0.09
96	84	0.12
96	85	0.11
96	86	0.1
96	87	0.11
96	88	0.09
96	89	0.12
96	90	0.11
96	91	0.14
96	92	0.12
96	93	0.13
96	94	0.12
96	95	0.07
96	96	0.11
97	0	0.08
97	1	0.08
97	2	0.08
97	3	0.08
97	4	0.08
97	5	0.09
97	6	0.08
97	7	0.08
97	8	0.08
97	9	0.08
97	10	0.08
97	11	0.08
97	12	0.08
97	13	0.08
97	14	0.08
97	15	0.08
97	16	0.08
97	17	0.08
97	18	0.08
97	19	0.08
97	20	0.08
97	21	0.08
97	22	0.08
97	23	0.08
97	24	0.08
97	25	0.08
97	26	0.08
97	27	0.08
97	28	0.08
97	29	0.08
97	30	0.08
97	31	0.08
97	32	0.08
97	33	0.08
97	34	0.08
97	35	0.08
97	36	0.08
97	37	0.08
97	38	0.08
97	39	0.08
97	40	0.08
97	41	0.08
97	42	0.08
97	43	0.08
97	44	0.08
97	45	0.08
97	46	0.08
97	47	0.08
97	48	0.08
97	49	0.09
97	50	0.08
97	51	0.08
97	52	0.08
97	53	0.08
97	54	0.08
97	55	0.08
97	56	0.08
97	57	0.08
97	58	0.08
97	59	0.08
97	60	0.08
97	61	0.08
97	62	0.08
97	63	0.08
97	64	0.08
97	65	0.08
97	66	0.08
97	67	0.08
97	68	0.08
97	69	0.08
97	70	0.09
97	71	0.08
97	72	0.08
97	73	0.08
97	74	0.08
97	75	0.1
97	76	0.08
97	77	0.09
97	78	0.09
97	79	0.1
97	80	0.1
97	81	0.09
97	82	0.1
97	83	0.1
97	84	0.1
97	85	0.12
97	86	0.13
97	87	0.15
97	88	0.07
97	89	0.12
97	90	0.12
97	91	0.12
97	92	0.12
97	93	0.14
97	94	0.07
97	95	0.12
97	96	0.12
97	97	0.1
98	0	0.09
98	1	0.08
98	2	0.08
98	3	0.08
98	4	0.08
98	5	0.08
98	6	0.08
98	7	0.08
98	8	0.08
98	9	0.08
98	10	0.08
98	11	0.08
98	12	0.08
98	13	0.08
98	14	0.08
98	15	0.08
98	16	0.08
98	17	0.08
98	18	0.08
98	19	0.08
98	20	0.08
98	21	0.08
98	22	0.08
98	23	0.08
98	24	0.08
98	25	0.08
98	26	0.08
98	27	0.08
98	28	0.08
98	29	0.08
98	30	0.08
98	31	0.08
98	32	0.08
98	33	0.08
98	34	0.08
98	35	0.08
98	36	0.08
98	37	0.08
98	38	0.08
98	39	0.08
98	40	0.08
98	41	0.09
98	42	0.08
98	43	0.08
98	44	0.08
98	45	0.08
98	46	0.08
98	47	0.08
98	48	0.08
98	49	0.08
98	50	0.08
98	51	0.08
98	52	0.08
98	53	0.08
98	54	0.09
98	55	0.08
98	56	0.08
98	57	0.08
98	58	0.08
98	59	0.08
98	60	0.08
98	61	0.08
98	62	0.08
98	63	0.08
98	64	0.08
98	65	0.08
98	66	0.08
98	67	0.08
98	68	0.08
98	69	0.08
98	70	0.08
98	71	0.08
98	72	0.08
98	73	0.08
98	74	0.09
98	75	0.09
98	76	0.08
98	77	0.09
98	78	0.1
98	79	0.09
98	80	0.1
98	81	0.11
98	82	0.11
98	83	0.11
98	84	0.12
98	85	0.11
98	86	0.11
98	87	0.1
98	88	0.1
98	89	0.13
98	90	0.16
98	91	0.09
98	92	0.13
98	93	0.08
98	94	0.09
98	95	0.1
98	96	0.08
98	97	0.08
98	98	0.08
99	0	0.08
99	1	0.08
99	2	0.08
99	3	0.08
99	4	0.08
99	5	0.08
99	6	0.08
99	7	0.08
99	8	0.08
99	9	0.08
99	10	0.08
99	11	0.08
99	12	0.08
99	13	0.08
99	14	0.08
99	15	0.08
99	16	0.08
99	17	0.09
99	18	0.08
99	19	0.08
99	20	0.08
99	21	0.09
99	22	0.08
99	23	0.08
99	24	0.08
99	25	0.08
99	26	0.08
99	27	0.08
99	28	0.08
99	29	0.08
99	30	0.08
99	31	0.08
99	32	0.08
99	33	0.08
99	34	0.08
99	35	0.08
99	36	0.08
99	37	0.08
99	38	0.08
99	39	0.08
99	40	0.08
99	41	0.08
99	42	0.08
99	43	0.08
99	44	0.08
99	45	0.08
99	46	0.08
99	47	0.08
99	48	0.08
99	49	0.08
99	50	0.08
99	51	0.08
99	52	0.08
99	53	0.08
99	54	0.08
99	55	0.08
99	56	0.08
99	57	0.08
99	58	0.08
99	59	0.08
99	60	0.08
99	61	0.08
99	62	0.08
99	63	0.08
99	64	0.08
99	65	0.08
99	66	0.08
99	67	0.08
99	68	0.08
99	69	0.08
99	70	0.09
99	71	0.08
99	72	0.08
99	73	0.08
99	74	0.08
99	75	0.1
99	76	0.09
99	77	0.1
99	78	0.08
99	79	0.1
99	80	0.11
99	81	0.11
99	82	0.1
99	83	0.12
99	84	0.11
99	85	0.11
99	86	0.13
99	87	0.14
99	88	0.14
99	89	0.13
99	90	0.14
99	91	0.08
99	92	0.07
99	93	0.11
99	94	0.1
99	95	0.07
99	96	0.08
99	97	0.06
99	98	0.12
99	99	0.04
